 1 131  182  598528  648704  522496  466688  26064  25424  598528  698880
 1 112  177  600576  650752  524800  469248  26608  25648  608768  700928
 2 571  627 2177024 2283520 2099200 1969152 146816 142720 2075648 2299904
 2 562  691 2189312 2287616 2103296 1979392 146048 141952 2096128 2308096
 3   0    0     669     676     465     435     29     27     641     671
 3   0    0     701     693     474     440     24     27     633     698
 4  98   89 2574336 2721792  219776  208256     28     21 2496512 2668544
 4 107   99 2607104 2738176  218752  208256     25     30 2521088 2684928
 5   0    0      21      21      19      17      0      0      33      26
 5   0    0      28      29      19      17      0      0      36      26
 6   0    0       0       0       0       0      0      0       0       0
 6   0    0       0       2       0       0      0      0       0       0
 7   0    0       0       0       0       0      0      0       0       0
 7   0    0       0       0       0       0      0      0       0       0
 8   0    0       0       0       0       2      0      0       0       0
 8   0    0       0       1       3       1      0      0       1       0
 9   0    0       0       0       0       0      0      0       0       0
 9   0    0       0       0       0      -1      0      0       0       0
10   0    0       0       0       0       0      0      0       0       0
10   0    0       0       0       0       0      0      0       0       0
11   0    0       0       0       0       0      0      0       0       0
11   0    0       0       0       0       0      0      0       0       0
12  10   17     184     244       2       3      0      0     274     293
12   7   19     199     289       5       7      0      0     277     269
13  39   33     584     775      97      88      0      0     862     883
13  41   37     604     816      83      94      0      0     843     884
14  77   95    1793    2238     816     818     12     18    2378    2490
14  83   93    1803    2246     788     808     21     13    2458    2438
15 667  857   14280   18768   13992   13768   1149   1055   20176   20560
15 603  850   14264   18352   13704   13944   1375     -1   20240   20688
16 846 1077   19728   25456   19536   19280   3294   3326   26800   27472
16 949 1335   19664   25360   19504   19376   3278   3250      -1   27728
17  13   15     208     228     202     183     41     38     298     306
17  11   11     192     269     182     186     28     24     287     329
18  16   16      50      63      29      50      9      6     111     116
18  12   24      57      67      45      50     12      8     108     124
19   2    8      11      11      10      11      0      0      25      24
19  10    8       8      22       7      10      0      0      19      16
20   3    2    2994    3242       1       1      0      0    3062    3046
20   0    1    2942    3162       1       1      0      0    2854    3082
21   0    0       0       0       0       0      0      0       0       0
21   0    0       0       0       0       0      0      0       0       0
22   0    0       2       0       0       0      0      0       0       2
22   1    0       2       1       0       0      0      0       0       0
23   0    0       0       1       0       0      1      1       0       0
23   0    0       0       1       0       1      0      0       0       0
24   3    1      13      19       0       0      0      0      16      19
24   2    2      13      15       0       0      0      0      14      19
25   4    6      50      78       2       2      0      0      89      93
25   6    3      37      83       0       3      0      0      85      92
26  17   25     315     466     180     212     10     10     558     557
26  22   23     335     432     194     194      6     11     534     557
27  35   47     539     808     501     523     21     10     885     888
27  44   40     592     816     478     543     28     21     930     894
28 197  197    2606    3270    2674    2658    452    433    3658    3922
28 215  212    2682    3298    2742    2674    436    465    3682    3558
29  31   29     544     757     681     703    104    114     903     935
29  24   24     554     758     661     752    105    112     901     910
30  26   35    1217    1681    1629    1569    407    453    1681    1801
30  22   20    1267    1659    1387    1597    368    403    1741    1807
31   0    0     824     934     855     807    250    242     817     845
31   1    2     916     919     783     783    238    249     896     864
32  10   11     638     765     770     735    184    155     783     760
32   7   16     650     738     733     760    143    157     716     790
33   0    2     210     223     207     217     50     33     232     234
33   0    3     204     203     211     211     50     49     233     202
34   0    8     523     652     653     642    275    305     660     733
34   1    3     600     661     590     652    286    332     713     707
35   0    0       0       0       2       1      0      1       1       3
35   0    0       1       1       0       1      0      0       0       0
36   0    0      68      69      42      39      0      1      57      64
36   0    0      62      66      38      34      0      3      72      84
37   0    3       4      19       0       1      0      0      22      24
37   0    1      12      16       0       1      0      0      15      19
38   1    2      34      51      10      11      0      0      44      47
38   0    1      39      46      13       9      0      0      71      57
39   5    6     105     118      61      65      1      6     152     156
39   8    3      87     129      82      83      2      5     169     164
40  13   16   24400   24976   14248   13736    394    408   23888   24208
40  25   16   24624   25072   13976   13672    407    376   23792   24336
41   8   12     130     168     142     151     22     25     184     177
41   9    8     136     157     126     139     23     23     226     211
42   3    3      68      91      75      83     40     29     105     105
42   3    5      80      75      86      74     35     24     114     114
43   7   10      62      82      90      95     26     30     120     108
43   7    6      78      89     105      99     29     19     109     128
44  19   10      74      87      65      81     15     16     119     135
44  14   15      94      78      69      88     22     17     128     144
45   0    1       1       1       2       1      0      0       7       1
45   1    1       2       3       2       1      0      0       4       4
46   0    0       1       2       0       0      0      0       0       3
46   0    0       0       0       0       0      0      0       1       1
47   0    0       2       0       0       0      0      0       0       1
47   0    1       0      -1       0       0      0      0       0       0
48   0    0       0       0       0       0      0      0       0       1
48   0    0       0       0       0       0      0      0       2       0
49   1    0       2       3       0       1      0      0       5       1
49   0    0       1       2       0       0      0      0       1       2
50   0    2       5       6       0       0      0      0       3      10
50   0    0       6      11       0       1      1      0       8       9
51   0    0       8       7       6       4      0      0       5       8
51   1    0       7       9       0       3      0      0       7       5
52   0    0       5       3       2       3      1      0       4       5
52   1    0       1       3       2       2      0      0       4       7
53   0    0      10       9       9       4      3      0      13      17
53   0    0       4       3       6      13      0      1      12       5
54   0    0       5       7       2       7      0      3       4       9
54   0    0       6       5       6       9      2      3       8       8
55   1    0      24      23      35      34      3      8      28      30
55   0    0      27      25      25      35     10      9      46      42
56   0    0      26      27      24      32     15     14      40      49
56  -1    0      25      24      20      27      8     13      31      27
57   1    0       9      13      12      11      2      8      21      10
57   0    3      12       9       6      12      1      1       7      11
58   1    0       6       3       6       2      2      1      14       7
58   0    1       4       8       4       7      4      3      10       5
59   0    0       0       0       1       0      0      0       0       1
59   0    0       0       0       0       0      0      0       1       0
60   0    0       2       1       1       0      1      0       2       2
60   0    0       0       2       1       0      0      0       0       0
61   0    0       2       1       2       0      1      0       0       1
61   0    0       0       0       0       0      0      0       0       2
62   0    0       0       0       1       0      0      0       1       1
62   0    0       2       1       0       0      0      0       3       1
63   0    0       1       0       1       0      0      0       3       4
63   0    0       1       1       0       1      0      0       4       6
64   0    0       1       1       0       0      0      0       0       0
64   1    0       1       1       0       0      0      0       0       1
65   0    0       1       4       1       8      0      0       6       2
65   0    0       0       1       0       3      1      0       1       2
66   0    1       1       2       2       3      0      0       5       3
66   0    0       3       5       2       2      2      0       5       4
67   0    0      17      15      14       9      0      5      18      21
67   0    0      10      11      15      13      2      2      14      17
68   0    0       3       6       5       6      2      2       5       3
68   0    0       1       2       3       4      0      2       4       4
69   2    2       3       4       7       9      2      3       9       7
69   0    0       6       4       6       6      1      0       5      10
70   0    0       8       8       7       9      6      4       8      10
70   0    0       8       9       9      14      5      6      13      12
71   0    0       4       2       5       0      1      0       2       3
71   0    0       3       0       2       1      0      0       4       0
72   1    0       1       2       3       0      0      0       1       4
72   0    0       2       2       0       1      1      0       2       0
73   0    0       1       0       0       0      0      0       0       0
73   0    0       0       0       0       0      0      0       0       0
74   0    0       2       0       0       0      0      0       0       2
74   0    0       1       0       0       0      0      0       4       0
75   0    1     195     167     127     129      2      1     209     198
75   0    0     200     182     144     134      4      5     176     208
76   0    3     490     532     492     470    139    131     525     576
76   2    1     490     553     513     541    137    122     546     561
77   0    1     131     145     139     113     27     30     172     145
77   0    0     128     125     132     139     28     31     147     136
78   1    1     427     455     454     419    176    154     450     492
78   1    1     441     497     431     426    186    186     470     489
79   0    0       2       4       0       2      0      0       0       1
79   0    0       1       4       1       0      1      1       3       3
80   1    0       1       0       0       0      1      1       2       2
80   0    0       1       2       0       0      1      0       0       1
