  1  57  70  68 20176 21008  40864 110272 121280  270592  278272  712192  731648  754176  763392    -1
  1  51  60  60 20016 21008  40736 110144 121664  271616  279296  715264  730624  755200  762368    -1
  2 237 263 280 89408 91328 172928 457472 496384 1088512 1104896 2418688 2455552 2533376 2545664    -1
  2 224 268 282 89408 90560 172160 459520 498432 1092608 1108992 2426880 2463744 2537472 2549760    -1
  3   0   0   0     5    11     10     48     29     108      90     295     249     277     306    -1
  3   1   1   0     5     5     11     40     37      99     105     256     298     283     260    -1
  4  21  40  29 89792 93248 176000 445184 523008 1199104 1211392 2754560 2775040 2856960 2869248    -1
  4  33  41  31 90432 93888 176512 454400 524032 1205248 1215488 2770944 2791424 2877440 2885632    -1
  5   0   0   0     0     0      0      3      0       6       7      28      30      30      28    -1
  5   0   0   0     0     0      0      0      2       6       4      27      26      27      31    -1
  6   0   0   0     0     0      0      0      0       0       0       0       1       0       0    -1
  6   0   0   0     0     0      0      0      0       0       0       0       0       0       0    -1
  7   0   0   0     0     0      0      0      0       0       0       1       0       0       0    -1
  7   0   0   0     0     0      0      0      1       0       0       1       1       0       0    -1
  8   0   0   0     0     0      0      0      0       0       0       1       1       0       0    -1
  8   0   0   0     0     0      0      0      0       1       1       0       0       0       0    -1
  9   0   0   0     0     0      0      0      0       0       0       0       0       0       0    -1
  9   0   0   0     0     0      0      0      0       0       0       0       0       0       0    -1
 10   0   0   0     1     0      1      4      4      15       9      29      44      35      34    -1
 10   0   0   0     0     1      1      4      4      10      12      25      24      25      28    -1
 11   0   0   0     0     0      0      0      0       0       0       2       3       2       2    -1
 11   0   0   0     0     0      0      0      2       0       0       4       3       3       5    -1
 12   6  11   5    14    31     39     80     75     135     156     242     283     300     336    -1
 12   3   8  10    15    22     28     55     84     153     158     270     307     286     305    -1
 13  25  24  31    54    76    113    204    271     405     490     878     949     961     990    -1
 13  14  22  32    54    77    130    193    302     411     471     863     940     965    1010    -1
 14  75  77  85   166   217    312    496    687    1391    1411    2418    2670    2758    2754    -1
 14  50  82  83   149   241    308    521    704    1055    1223    2422    2750    2742    2802    -1
 15 364 518 550  1549  2017   2762   4828   5748   10008   10952   20176   22480   23344   23376    -1
 15 398 489 533  1557  2098   2718   4788   5780    9960   10904   20080   22480   22992   23152    -1
 16 507 658 688  1939  2638   3546   6372   8036   13272   15048   26288   29104   30640   31024    -1
 16 524 683 731  1921  2550   3726   6564   7860   13336   14632   26640   29232   30256   31152    -1
 17   8   7  12    35    25     34     60     83     151     153     291     269     299     310    -1
 17   3   9   8    18    27     40     68     82     119     155     261     268     322     368    -1
 18   2   5   6     5    12      8     19     26      16      25      45      58      49      57    -1
 18   2   6   5     9    21      9     14     19      20      42      45      66      64      51    -1
 19   7   4   7     8     9      6     11     19      14      25      14      16      17      23    -1
 19  10   7   7     6    14      9      7     11      17      11      20      24      28      21    -1
 20   7   3   1   146   322    354   1413   1583    3638    3950   10888   10968   11720   11816    -1
 20   5   7   5   172   276    346   1153   1627    3590    3694   10808   10920   11480   11240    -1
 21   0   0   0     1     0      2      2      2      10       9      19      15      20      18    -1
 21   0   0   0     0     2      0      1      2      13       3      18      25      26      18    -1
 22   1   0   0    12    18     27     60    105     219     186     580     540     647     642    -1
 22   0   1   0    12    19     21     74    119     202     201     606     587     617     625    -1
 23   0   0   0     0     0      1      0      1       0       0       0       2       0       2    -1
 23   0   0   0     0     0      2      0      0       0       0       2       1       0       0    -1
 24   0   1   1     0     3      1      4      3       4       2      16      18      17      19    -1
 24   0   0   0     2     3      0      3      6       5       6      10      14      17      17    -1
 25   1   2   3     5    10     11     14     13      31      37      61      84      82      76    -1
 25   0   4   5     2     6      6     18     20      30      41      62      83      70      80    -1
 26  15  13  12    29    38     59     91    136     165     203     365     440     458     491    -1
 26  10  -1  16    44    48     56     90    162     140     224     375     428     476     494    -1
 27  14  -1  17    31    70     99    128    227     313     348     610     697     783     836    -1
 27   4  -1  16    45    48     90    125    230     286     347     686     773     836     802    -1
 28 249  -1 307   427   473    556    805   1525    1693    1921    3018    3218    4148    4212    -1
 28 256  -1 299   388   495    569    765   1205    1735    1833    3074    3274    4220    4316    -1
 29   5  -1  20    36    47     59    110    181     238     275     522     620     716     743    -1
 29  11  -1  14    46    44     58    109    171     253     265     521     630     681     700    -1
 30  10  -1  12    36    58     52    114    188     233     290     502     582     605     689    -1
 30   9  -1  20    41    44     68    110    194     236     264     519     545     676     611    -1
 31   0  -1   3     1     0      2      4      8       4      10       8      15      13      12    -1
 31   0  -1   0     0     2      1      2      9       1      10       8      12      15      15    -1
 32  12  -1   8     9    21     22     19     23      28      27      35      57      96     123    -1
 32  20  -1  16    14    16     11     23     29      37      26      49      67     111      99    -1
 33   0  -1   0     0     0      0      0      0       0       0       0       1       0       0    -1
 33   0  -1   0     0     0      0      0      0       0       0       0       0       0       1    -1
 34   0  -1   0     0     0      0      0      0       0       0       0       1       2       1    -1
 34   0  -1   0     0     0      0      0      0       0       0       0       2       0       4    -1
 35   0  -1   0     0     1      1      0      0       0       0       0       3       1       0    -1
 35   0  -1   0     1     0      0      0      0       1       0       0       1       0       0    -1
 36   0  -1   0     6     1      6     12     31      33      30     111      94      89      97    -1
 36   1  -1   1     4     1      6     13     -1      37      30      89      91     103      74    -1
 37   0  -1   0     2     0      0      1     -1       6       4      11      16      11       6    -1
 37   0  -1   0     0     0      2      3     -1       3       6      10      10      21      15    -1
 38   1  -1   3     1     2      6      5     -1      16      11      32      39      37      39    -1
 38   1  -1   2     0     5      3      8     -1      13      10      40      36      36      36    -1
 39   0  -1   1    10     6      8     13     -1      49      57     118     142     186     153    -1
 39   1  -1   3     7    10      8     21     -1      37      56     137     123     145     189    -1
 40  39  -1 323   405   940    895   3674     -1   11064   11352   33824   32016   35936   35808    -1
 40  35  -1 328   425   904    945   3610     -1   11192   11480   33696   31920   36128   36000    -1
 41   0  -1  13    16    26     30    109     -1     336     326     939     936    1077    1117    -1
 41   0  -1   7     8    29     36     98     -1     300     328     947     950    1069    1331    -1
 42   3  -1  32    42   105    110    390     -1    1543    1565    4444    4252    4868    4732    -1
 42   1  -1  25    42    91     97    395     -1    1463    1557    4452    4364    4844    4844    -1
 43   0  -1   9    20    27     42    106     -1     399     396    1493    1511    1567    1567    -1
 43   1  -1  13    14    26     50    137     -1     390     423    1541    1493    1623    1613    -1
 44  17  -1  15    18    32     28     31     -1      73      93     152     196     166     161    -1
 44  17  -1  16    24    19     14     35     -1      69      80     185     150     189     218    -1
 45   0  -1   0     0     0      1      1     -1       2       1      10       9      13      10    -1
 45   0  -1   1     0     2      0      3     -1       3       4       8      21       8      10    -1
 46   0  -1   0     0     1      0      0     -1       0       1       0       1       0       0    -1
 46   0  -1   0     0     0      0      0     -1       0       0       1       0       1       0    -1
 47   0  -1   0     0     0      0      0     -1       0       0       0       0       1       0    -1
 47   0  -1   0     0     0      0      0     -1       0       0       0       0       0       0    -1
 48   0  -1   0     0     0      0      0     -1       0       0       0       0       0       0    -1
 48   0  -1   0     0     0      0      0     -1       0       0       0       2       0       0    -1
 49   0  -1   0     0     0      0      0     -1       0       0       1       0       2       1    -1
 49   0  -1   0     0     0      0      1     -1       0       1       0       0       0       2    -1
 50   0  -1   0     0     0      0      0     -1       1       1       5       1       1       3    -1
 50   0  -1   0     1     0      1      0     -1       0       2       0       1       2       5    -1
 51   0  -1   0     0     0      2      0     -1       0       1       4       3       5       7    -1
 51   0  -1   1     0     0      0      0     -1       1       2       2       4       2       4    -1
 52   0  -1   0     0     0      1      0     -1       2       1       2       8       4       3    -1
 52   0  -1   1     0     0      0      0     -1       0       0       1       4       4       3    -1
 53   0  -1   0     0     0      0      0     -1       1       0       0       6       2       1    -1
 53   0  -1   0     0     0      0      1     -1       0       1       2       6       2       5    -1
 54   0  -1   0     0     0      0      1     -1       1       1       0       1       0       1    -1
 54   0  -1   0     0     0      0      1     -1       1       0       1       1       2       1    -1
 55   1  -1   0     0     0      1      1     -1       2       7      13      11      15      22    -1
 55   0  -1   1     0     0      0      0     -1       5       2       8       5      16      16    -1
 56   0  -1   0     0     0      0      2     -1       7       8       9      14      19      20    -1
 56   0  -1   2     0     0      1      0     -1       4       4       5      22      24      16    -1
 57   0  -1   0     0     0      1      2     -1       3       4       7       6       9       6    -1
 57   0  -1   0     0     0      0      1     -1       1       2       2       6       8       6    -1
 58   0  -1   0     1     0      0      0     -1       2       3       4       9       5       2    -1
 58   0  -1   0     0     0      0      1     -1       2       1       3       4       7      10    -1
 59   0  -1   0     0     0      0      0     -1       0       0       0       0       0       0    -1
 59   0  -1   0     0     0      0      0     -1       0       0       1       1       0       0    -1
 60   0  -1   0     1     0      0      0     -1       0       0       0       0       0       0    -1
 60   0  -1   0     0     0      0      0     -1       0       0       1       0       0       0    -1
 61   0  -1   0     0     0      1      0     -1       0       0       0       0       0       0    -1
 61   0  -1   0     0     0      0      0     -1       0       0       0       0       1       0    -1
 62   0  -1   0     0     0      0      0     -1       2       3      10      10      17      13    -1
 62   0  -1   0     0     0      0      0     -1       2       3       7       5       4      13    -1
 63   0  -1   1     1     0      0      1     -1       1       7      14      15      12       8    -1
 63   0  -1   0     0     0      0      0     -1       6       2      10       5      12      11    -1
 64   1  -1   6     4    12     15     67     -1     135     137     442     430     452      -1   690
 64   0  -1  14     9    11     10     54     -1     115     142     409     454     510      -1   692
 65   0  -1   2     3    11     13     39     -1     160     162     481     509     529      -1   751
 65   0  -1   5     8    12     10     55     -1     148     177     509     477     574      -1   739
 66   1  -1  18    18    64     62    245     -1     861     919    3078    3066    3342      -1  4724
 66   0  -1  19    20    60     58    236     -1     865     916    3098    2946    3366      -1  4836
 67   0  -1   7    10    24     18    120     -1     372     356    1415    1153    1487      -1  1995
 67   0  -1   7    11    10     31    101     -1     355     350    1347    1143    1239      -1  1975
 68   0  -1  10    13    10     14     78     -1     317     317    1043     991    1051      -1  1891
 68   0  -1   4    12    13     27     75     -1     321     303    1027     956    1087      -1  1839
 69   2  -1   1     0     0      2      1     -1       2       0       3       3       2      -1     3
 69   0  -1   1     0     1      0      0     -1       2       1       2       3       4      -1     5
 70   0  -1   0     0     0      1      0     -1       1       0       1       2       1      -1     6
 70   0  -1   0     1     0      0      0     -1       1       0       3       3       2      -1     6
 71   0  -1   0     0     0      0      0     -1       1       1       0       0       1      -1     0
 71   0  -1   0     0     0      0      1     -1       0       0       0       1       1      -1     2
 72   0  -1   0     0     0      0      0     -1       0       0       1       1       0      -1     2
 72   0  -1   0     0     0      0      0     -1       0       0       1       0       1      -1     1
 73   0  -1   0     0     0      0      0     -1       0       0       0       0       0      -1     1
 73   0  -1   0     0     0      0      0     -1       0       0       0       0       1      -1     1
 74   0  -1   0     0     0      0      0     -1       0       0       1       1       1      -1     1
 74   0  -1   0     0     0      0      1     -1       0       0       1       0       0      -1     1
 75   0  -1   0     0     0      0      0     -1       0       0       0       0       2      -1     0
 75   0  -1   0     0     0      0      0     -1       0       0       0       2       0      -1     0
 76   0  -1   0     0     0      0      0     -1       0       0       1       2       0      -1     1
 76   0  -1   0     0     0      0      0     -1       0       0       0       0       0      -1     1
 77   0  -1   0     0     0      0      0     -1       1       1       0       5       2      -1     3
 77   0  -1   0     0     0      0      0     -1       1       0       1       5       3      -1     2
 78   0  -1   7     5     1      5     15     -1      45      41     133     131     175      -1   278
 78   0  -1   1     3     2      6     20     -1      37      54     149     165     161      -1   288
 79   0  -1   0     0     0      0      0     -1       0       0       0       2       1      -1     2
 79   0  -1   0     0     1      0      0     -1       1       0       1       0       1      -1     1
 80   0  -1   8     8    18     22     82     -1     230     245     778     793     853      -1  1513
 80   0  -1   9     7    14     21     72     -1     231     242     765     774     828      -1  1711
 81   0  -1   0     0     0      0      0     -1       0       1       2       1       0      -1     0
 81   0  -1   0     0     0      0      0     -1       0       0       0       0       1      -1     0
 82   0  -1  46    50   105     92    394     -1    1229    1471    4428    4484    4516      -1  8296
 82   0  -1  44    51   107     90    448     -1    1175    1245    4292    4500    4644      -1  8360
 83   0  -1  35    34    96     79    331     -1    1047    1077    3554    3606    4030      -1  7308
 83   0  -1  30    28    93     84    315     -1    1018    1083    3570    3766    3778      -1  7220
 84   1  -1 152   195   461    468   2194     -1    5828    5844   18800   19344   19824      -1 36896
 84   0  -1 165   197   461    476   2230     -1    5772    5932   18608   19568   19792      -1 37088
 85   0  -1   0     0     0      0      0     -1       3       2       4       9      10      -1    13
 85   0  -1   0     0     1      0      0     -1       1       1       9       7       7      -1     9
 86   1  -1  50    55   126    131    588     -1    2058    1929    5948    6124    6436      -1 11544
 86   0  -1  52    41   148    140    590     -1    1983    2029    6116    6148    6620      -1 11560
 87   0  -1   0     0     0      0      0     -1       0       0       0      -1       0      -1     1
 87   0  -1   0     0     0      0      0     -1       0       0       1      -1       0      -1     1
 88   0  -1   0     0     0      0      0     -1       0       0       0      -1       0      -1     0
 88   0  -1   0     0     0      0      0     -1       0       0       0      -1       0      -1     0
 89   0  -1   0     0     0      0      0     -1       0       0       0      -1       0      -1     0
 89   0  -1   0     0     0      0      0     -1       0       0       0      -1       0      -1     0
 90   0  -1   0     0     0      0      0     -1       0       0       0      -1       0      -1     0
 90   0  -1   0     0     0      0      0     -1       0       0       0      -1       0      -1     0
 91   0  -1   0     1     0      0      0     -1       0       0       1      -1       0      -1     4
 91   0  -1   1     0     0      0      1     -1       0       0       0      -1       4      -1     3
 92   0  -1   0     0     0      0      0     -1       0       0       0      -1       1      -1     1
 92   0  -1   0     0     1      0      0     -1       0       1       1      -1       3      -1     5
 93   0  -1   0     0     0      0      0     -1       0       0       0      -1       0      -1     0
 93   0  -1   0     0     0      0      0     -1       1       0       0      -1       1      -1     0
 94   0  -1   0     0     0      0      0     -1       0       0       0      -1       0      -1     0
 94   0  -1   0     0     0      0      0     -1       0       0       0      -1       0      -1     0
 95   0  -1   0     0     0      0      0     -1       0       0       0      -1       0      -1     0
 95   0  -1   0     0     0      0      0     -1       0       0       0      -1       0      -1     0
 96   0  -1   0     0     0      0      0     -1       0       0       0      -1       0      -1     0
 96   0  -1   0     0     0      0      0     -1       0       0       0      -1       0      -1     1
 97   0  -1   0     0     0      0      0     -1       0       0       0      -1       0      -1     0
 97   0  -1   0     0     0      0      0     -1       0       0       0      -1       0      -1     0
 98   0  -1   0     0     0      0      0     -1       0       0       0      -1       0      -1     1
 98   0  -1   0     0     0      0      0     -1       0       0       0      -1       0      -1     1
 99   0  -1   0     0     0      0      0     -1       0       0       0      -1       0      -1     0
 99   0  -1   0     0     0      0      0     -1       0       0       0      -1       0      -1     0
100   0  -1   0     0     0      0      0     -1       0       0       0      -1       0      -1     0
100   0  -1   0     0     0      0      0     -1       0       0       0      -1       0      -1     0
101   0  -1   0     0     0      0      0     -1       0       0       0      -1       0      -1     0
101   0  -1   0     0     0      0      0     -1       0       0       0      -1       0      -1     0
102   0  -1   0     0     0      0      0     -1       0       0       0      -1       0      -1     1
102   0  -1   0     0     0      0      0     -1       0       0       0      -1       0      -1     0
103   0  -1   0     0     0      0      0     -1       0       0       0      -1       0      -1     0
103   0  -1   0     0     0      0      0     -1       0       0       0      -1       0      -1     0
104   0  -1   0     0     0      0      0     -1       0       0       0      -1       0      -1     0
104   0  -1   0     0     0      0      0     -1       0       0       0      -1       0      -1     0
105   0  -1   0     0     0      0      0     -1       0       0       0      -1       0      -1     0
105   0  -1   0     0     0      0      0     -1       0       0       0      -1       0      -1     0
106   0  -1   0     0     0      0      0     -1       0       0       0      -1       1      -1     0
106   0  -1   0     0     0      0      0     -1       0       0       0      -1       0      -1     0
107   0  -1   0     0     0      0      0     -1       0       0       0      -1       0      -1    -1
107   0  -1   0     0     0      0      0     -1       0       0       0      -1       1      -1    -1
108   0  -1   0     0     0      0      0     -1       0       0       0      -1       0      -1    -1
108   0  -1   0     0     0      0      0     -1       0       0       0      -1       0      -1    -1
109   0  -1   0     0     0      0      0     -1       0       0       0      -1       0      -1    -1
109   0  -1   0     0     0      0      0     -1       0       0       0      -1       0      -1    -1
110   0  -1   0     0     0      0      0     -1       0       0       0      -1       0      -1    -1
110   0  -1   0     0     0      0      0     -1       0       0       0      -1       0      -1    -1
111   0  -1   0     0     0      0      0     -1       0       0       0      -1       0      -1    -1
111   0  -1   0     0     0      0      0     -1       0       0       0      -1       0      -1    -1
112   0  -1   0     0     0      0      0     -1       0       0       0      -1       0      -1    -1
112   0  -1   0     0     0      0      0     -1       0       0       0      -1       0      -1    -1
113   0  -1   0     0     0      0      0     -1       0       0       0      -1       0      -1    -1
113   0  -1   0     0     0      0      0     -1       0       0       0      -1       0      -1    -1
114   0  -1   0     0     0      0      0     -1       0       0       0      -1       0      -1    -1
114   0  -1   0     0     0      0      0     -1       0       0       0      -1       0      -1    -1
115   0  -1   0     0     0      0      0     -1       0       0       0      -1       0      -1    -1
115   0  -1   0     0     0      0      0     -1       0      -1       0      -1       0      -1    -1
116   0  -1   0     0     0      0      0     -1       0      -1       0      -1       0      -1    -1
116   0  -1   0     0     0      0      0     -1       0      -1       0      -1       0      -1    -1
117   0  -1   0     0     0      0      0     -1       0      -1       0      -1       0      -1    -1
117   0  -1   0     0     0      0      0     -1       0      -1       0      -1       0      -1    -1
118   0  -1   0     0     0      0      0     -1       0      -1       0      -1       0      -1    -1
118   0  -1   0     0     0      0      0     -1       0      -1       0      -1       0      -1    -1
119   0  -1   0     0     0      0      0     -1       0      -1       0      -1       0      -1    -1
119   0  -1   0     0     0      0      0     -1       0      -1       0      -1       0      -1    -1
120   0  -1   0     0     0      0      0     -1       0      -1       0      -1       0      -1    -1
120   0  -1   0     0     0      0      0     -1       0      -1       0      -1       0      -1    -1
121   0  -1   0     0     0      0      0     -1       0      -1       0      -1       0      -1    -1
121   0  -1   0     0     0      0      0     -1       0      -1       0      -1       0      -1    -1
122   0  -1   0     0     0      0      0     -1       0      -1       0      -1       0      -1    -1
122   0  -1   0     0     0      0      0     -1       0      -1       0      -1       0      -1    -1
123   0  -1   0     0     0      0      0     -1       0      -1       0      -1       0      -1    -1
123   0  -1   0     0     0      0      0     -1       0      -1       0      -1       0      -1    -1
124   0  -1   0     0     0      3      7     -1       9      -1      36      -1      43      -1    -1
124   0  -1   0     0     1      1      1     -1       7      -1      43      -1      34      -1    -1
125   0  -1   0     0     0      0      0     -1       0      -1       1      -1       0      -1    -1
125   0  -1   0     0     0      0      0     -1       0      -1       0      -1       0      -1    -1
126   0  -1   0     1     0      1      1     -1       9      -1      36      -1      31      -1    -1
126   0  -1   1     0     1      1      0     -1       6      -1      31      -1      31      -1    -1
127   0  -1   0     0     0      0      0     -1       1      -1      12      -1      10      -1    -1
127   0  -1   1     0     1      0      0     -1       0      -1      10      -1       7      -1    -1
128   0  -1   9     5    17     27     70     -1     243      -1     796      -1     835      -1    -1
128   0  -1  10     3    18     13     69     -1     241      -1     778      -1     773      -1    -1
129   1  -1  64    78   151    165    891     -1    3158      -1   10712      -1   11400      -1    -1
129   0  -1  70    74   164    174    907     -1    3306      -1   10520      -1   11096      -1    -1
130   0  -1  20     8    15     20    126     -1     370      -1    1751      -1    1869      -1    -1
130   0  -1   8    10    27     29    102     -1     393      -1    1273      -1    1747      -1    -1
131   0  -1  50    64   119    122    591     -1    2130      -1    6780      -1    8936      -1    -1
131   0  -1  48    60   129    122    603     -1    2126      -1    8180      -1    8712      -1    -1
132   0  -1  53    80   139    158    743     -1    2518      -1   10360      -1   10920      -1    -1
132   0  -1  50    89   169    180    719     -1    2622      -1   10392      -1   10888      -1    -1
133   0  -1   0     0     0      1      1     -1       7      -1      28      -1      26      -1    -1
133   0  -1   0     0     0      1      1     -1      10      -1      26      -1      33      -1    -1
134   0  -1  22    23    55     73    261     -1     940      -1    3242      -1    3510      -1    -1
134   0  -1  22    30    49     63    248     -1     887      -1    3318      -1    3326      -1    -1
135   0  -1   1     0     1      0      2     -1      12      -1      28      -1      40      -1    -1
135   0  -1   0     0     1      1      5     -1      10      -1      32      -1      45      -1    -1
136   0  -1  17    24    53     59    235     -1     793      -1    2954      -1    3038      -1    -1
136   1  -1  23    18    52     63    234     -1     797      -1    2826      -1    2986      -1    -1
137   0  -1   0     0     0      0      0     -1       0      -1       0      -1       0      -1    -1
137   0  -1   0     0     0      0      0     -1       0      -1       0      -1       0      -1    -1
138   0  -1   0     0     0      0      0     -1       0      -1       0      -1       0      -1    -1
138   0  -1   0     0     0      0      0     -1       0      -1       0      -1       0      -1    -1
139   0  -1   0     0     0      0      0     -1       0      -1       0      -1       0      -1    -1
139   0  -1   0     0     0      0      0     -1       0      -1       0      -1       0      -1    -1
140   0  -1   0     0     0      0      0     -1       0      -1       0      -1       0      -1    -1
140   0  -1   0     0     0      0      0     -1       0      -1       0      -1       0      -1    -1
141   0  -1   0     0     0      0      0     -1       0      -1       0      -1       0      -1    -1
141   0  -1   0     0     0      0      0     -1       0      -1       0      -1       0      -1    -1
142   0  -1   0     0     0     -1      0     -1       0      -1       0      -1       0      -1    -1
142   0  -1   0     0     0     -1      0     -1       0      -1       0      -1       0      -1    -1
143   0  -1   0     0     0     -1      0     -1       0      -1       0      -1       0      -1    -1
143   0  -1   0     0     0     -1      0     -1       0      -1       0      -1       0      -1    -1
144   0  -1   0     0     0     -1      0     -1       0      -1       0      -1       0      -1    -1
144   0  -1   0     0     0     -1      0     -1       0      -1       0      -1       0      -1    -1
145   0  -1   0     0     0     -1      0     -1       0      -1       0      -1       0      -1    -1
145   0  -1   0     0     0     -1      0     -1       0      -1       0      -1       0      -1    -1
146  -1  -1   0     0     0     -1      0     -1       0      -1       0      -1       0      -1    -1
146  -1  -1   0     0     0     -1      0     -1       0      -1       0      -1       0      -1    -1
147  -1  -1   0     0     0     -1      0     -1       0      -1       0      -1       0      -1    -1
147  -1  -1   0     0     0     -1      0     -1       0      -1       0      -1       0      -1    -1
148  -1  -1   0     0     0     -1      0     -1       0      -1       0      -1       0      -1    -1
148  -1  -1   0     0     0     -1      0     -1       0      -1       0      -1       0      -1    -1
149  -1  -1   0     0     0     -1      0     -1       0      -1       0      -1       0      -1    -1
149  -1  -1   0     0     0     -1      0     -1       0      -1       0      -1       0      -1    -1
150  -1  -1   0     0     0     -1      0     -1       0      -1       0      -1       0      -1    -1
150  -1  -1   0     0     0     -1      0     -1       0      -1       0      -1       0      -1    -1
