  1      -1 1278976    -1  994816   -1  48416
  1 1256448 1278976    -1 1003008   -1  48416
  2 3954688 3971072    -1 3532800   -1 252800
  2 3966976 3979264    -1 3540992   -1 252800
  3     599     569    -1     434   -1     25
  3     561     523    -1     409   -1     25
  4 4526080 4526080    -1  376576   -1     52
  4 4550656 4550656    -1  377088   -1     55
  5      74      87    -1      54   -1      4
  5      81      79    -1      62   -1      1
  6       0       0    -1       0   -1      0
  6       0       0    -1       0   -1      0
  7       0       0    -1       0   -1      0
  7       1       0    -1       0   -1      0
  8       1       1    -1       4   -1      0
  8       1       2    -1       4   -1      0
  9       0       0    -1       0   -1      0
  9       0       1    -1       0   -1      0
 10      60      59    -1       0   -1      0
 10      63      67    -1       0   -1      0
 11       6       5    -1       0   -1      0
 11       9       6    -1       0   -1      0
 12     488     509    -1       5   -1      0
 12     479      -1    -1      12   -1      0
 13    1881    1817    -1     173   -1      0
 13    1805      -1    -1     146   -1      0
 14    4532      -1  1809    1801   -1     37
 14    4540      -1  1889    1787   -1     21
 15   36704      -1 26832   26096   -1   2130
 15   37088      -1 27024   25744   -1   2126
 16   48480      -1 36640   34912   -1   5620
 16   48416      -1 36640   34848   -1   5612
 17     546      -1   368     358   -1     58
 17     491      -1   395     377   -1     58
 18     112      -1    54      42   -1      6
 18     129      -1    56      42   -1      6
 19      29      -1    19       8   -1      0
 19      33      -1    28      16   -1      0
 20   20848      -1  1105    1085   -1      0
 20   20432      -1  1053    1063   -1      0
 21      34      -1     3       2   -1      0
 21      42      -1     4       4   -1      0
 22    1119      -1   132     107   -1      0
 22    1495      -1   107     108   -1      0
 23       2      -1     2       4   -1      2
 23       1      -1     2       3   -1      2
 24      28      -1     0       0   -1      0
 24      21      -1     0       0   -1      0
 25     119      -1     4       5   -1      0
 25     146      -1     3       1   -1      0
 26     907      -1   350     317   -1     15
 26     821      -1   357     363   -1      8
 27    1735      -1   863     884   -1     27
 27    1709      -1   880     791   -1     25
 28    6556      -1  4828    4652   -1    670
 28    6340      -1  4828    4644   -1    664
 29    1519      -1  1041    1069   -1    155
 29    1247      -1  1031    1005   -1    162
 30    1395      -1   921     937   -1    260
 30    1399      -1  1043     988   -1    261
 31      29      -1    27      21   -1      5
 31      28      -1    19      25   -1      5
 32     115      -1    61      45   -1      3
 32     119      -1    56      42   -1      5
 33       0      -1     1       1   -1      0
 33       5      -1     3       0   -1      0
 34       1      -1     3       4   -1      0
 34       7      -1     2       1   -1      0
 35       1      -1     2       1   -1      0
 35       1      -1     2       3   -1      1
 36     168      -1    87      83   -1      2
 36     150      -1   112     119   -1      6
 37      19      -1     3       1   -1      0
 37      27      -1     4       1   -1      0
 38      61      -1    23      23   -1      1
 38      87      -1    27      23   -1      0
 39     354      -1   147     153   -1     10
 39     321      -1   160     147   -1      6
 40   68544      -1 39776   38432   -1   1079
 40   69440      -1 39776   38752   -1   1055
 41    2494      -1   265     264   -1     43
 41    2462      -1   268     295   -1     47
 42    9592      -1   147     163   -1     48
 42    9272      -1   140     171   -1     57
 43    2894      -1   165     172   -1     39
 43    2774      -1   182     188   -1     53
 44     354      -1   175     182   -1     37
 44     384      -1   167     151   -1     50
 45      37      -1     4       5   -1      1
 45      27      -1     2       2   -1      2
 46       0      -1     0       0   -1      0
 46       1      -1     0       1   -1      0
 47       1      -1     0       0   -1      0
 47       0      -1     0       0   -1      0
 48       2      -1     0       0   -1      0
 48       0      -1     0       0   -1      0
 49       2      -1     0       0   -1      0
 49       2      -1     0       0   -1      0
 50      10      -1     1       2   -1      1
 50       7      -1     0       2   -1      0
 51      12      -1     5       4   -1      0
 51       9      -1     2       9   -1      0
 52       8      -1     6       4   -1      0
 52       9      -1     2       4   -1      0
 53      14      -1     7      16   -1      1
 53      12      -1    14      12   -1      0
 54       7      -1     7       5   -1      3
 54      10      -1     6       6   -1      0
 55      45      -1    43      37   -1     10
 55      48      -1    57      49   -1     10
 56      54      -1    58      -1   -1     31
 56      57      -1    36      -1   32     20
 57      14      -1    18      -1    5      4
 57      27      -1    19      -1    8      5
 58       5      -1    10      -1    3      0
 58       8      -1     7      -1    2      4
 59       0      -1     2      -1    0      0
 59       1      -1     0      -1    0      0
 60       1      -1     0      -1    0      0
 60       0      -1     0      -1    0      0
 61       3      -1     0      -1    0      0
 61       1      -1     0      -1    0      0
 62      28      -1     1      -1    0      0
 62      21      -1     0      -1    0      0
 63      18      -1     1      -1    0      0
 63      22      -1     0      -1    0      0
 64    1777      -1     0      -1    0      0
 64    1781      -1     0      -1    0      1
 65    1055      -1     4      -1    1      0
 65    1305      -1     3      -1    0      0
 66    6540      -1     2      -1    0      3
 66    6388      -1     1      -1    1      1
 67    2678      -1    19      -1    6      3
 67    2610      -1    14      -1    4      2
 68    2386      -1     3      -1    2      3
 68    2314      -1     5      -1    0      3
 69       9      -1     9      -1    1      0
 69      12      -1     8      -1    3      3
 70      15      -1    17      -1    2      9
 70       5      -1    15      -1    4      5
 71       4      -1     1      -1    1      2
 71       3      -1     7      -1    1      1
 72       5      -1     7      -1    0      1
 72       0      -1     2      -1    0      0
 73       0      -1     0      -1    0      0
 73       0      -1     0      -1    0      0
 74       1      -1     0      -1    0      0
 74       3      -1     0      -1    0      0
 75       1      -1     0      -1    0      0
 75       0      -1     0      -1    0      0
 76       0      -1     0      -1    0      0
 76       1      -1     1      -1    0      1
 77       4      -1     4      -1    0      0
 77       6      -1     3      -1    1      1
 78     345      -1   215      -1   32     28
 78     290      -1   198      -1   28     28
 79       5      -1     0      -1    1      1
 79       3      -1     3      -1    1      1
 80    1765      -1   997      -1  119    119
 80    1799      -1  1033      -1  127    106
 81       6      -1     4      -1    1      1
 81       6      -1     4      -1    1      1
 82    9576      -1  5932      -1  624    621
 82    9352      -1  5932      -1  679    639
 83    7276      -1  4924      -1  559    513
 83    7244      -1  4860      -1  512    536
 84   38240      -1 25008      -1 2906   2926
 84   37792      -1 24688      -1 3018   2902
 85      12      -1    10      -1    2      2
 85      18      -1    14      -1    3      2
 86   12280      -1  8312      -1  884    880
 86   12328      -1  8424      -1  880    864
 87       1      -1     2      -1    0      0
 87       0      -1     0      -1    0      0
 88       0      -1     0      -1    0      0
 88       0      -1     0      -1    0      0
 89       1      -1     0      -1    0      0
 89       1      -1     1      -1    0      0
 90       0      -1     1      -1    0      0
 90       1      -1     1      -1    0      0
 91      14      -1    14      -1    3      3
 91       7      -1    16      -1    1      3
 92       8      -1     7      -1    5      3
 92       9      -1    10      -1    8      6
 93       0      -1     1      -1    1     -1
 93       0      -1     0      -1    0     -1
 94       0      -1     0      -1    0     -1
 94       0      -1     0      -1    0     -1
 95       2      -1     1      -1    0     -1
 95       1      -1     2      -1    1     -1
 96       0      -1     1      -1    0     -1
 96       0      -1     0      -1    4     -1
 97       1      -1     0      -1    0     -1
 97       0      -1     1      -1    0     -1
 98       1      -1     1      -1    1     -1
 98       0      -1     1      -1    1     -1
 99       0      -1     0      -1    0     -1
 99       0      -1     0      -1    0     -1
100       0      -1     0      -1    0     -1
100       0      -1     0      -1    0     -1
101       0      -1     0      -1    0     -1
101       0      -1     0      -1    0     -1
102       0      -1     0      -1    0     -1
102       0      -1     0      -1    0     -1
103       0      -1     0      -1    0     -1
103       0      -1     0      -1    0     -1
104       0      -1     0      -1    0     -1
104       0      -1     0      -1    0     -1
105       0      -1     0      -1    1     -1
105       0      -1     1      -1    0     -1
106       1      -1     3      -1    2     -1
106       1      -1     0      -1    0     -1
107       0      -1     0      -1    0     -1
107       0      -1     1      -1    1     -1
108       0      -1     0      -1    0     -1
108       1      -1     0      -1    0     -1
109       1      -1     0      -1    0     -1
109       0      -1     0      -1    0     -1
110       0      -1     0      -1    1     -1
110       0      -1     0      -1    0     -1
111       0      -1     0      -1    0     -1
111       0      -1     0      -1    0     -1
112       0      -1     0      -1    0     -1
112       0      -1     0      -1    0     -1
113       0      -1     0      -1    0     -1
113       0      -1     0      -1    0     -1
114       0      -1     0      -1    0     -1
114       0      -1     0      -1    0     -1
115       0      -1     0      -1    0     -1
115       0      -1     0      -1    0     -1
116       1      -1     0      -1    0     -1
116       0      -1     0      -1    0     -1
117       0      -1     0      -1    0     -1
117       0      -1     0      -1    0     -1
118       0      -1     0      -1    1     -1
118       0      -1     0      -1    0     -1
119       1      -1     0      -1    0     -1
119       2      -1     0      -1    0     -1
120       0      -1     0      -1    0     -1
120       0      -1     0      -1    0     -1
121       0      -1     0      -1    0     -1
121       0      -1     0      -1    0     -1
122       0      -1     0      -1    0     -1
122       0      -1     0      -1    0     -1
123       0      -1     0      -1    0     -1
123       0      -1     0      -1    0     -1
124      80      -1    77      -1   24     -1
124     108      -1    79      -1   22     -1
125       1      -1     1      -1    0     -1
125       0      -1     0      -1    0     -1
126      65      -1    75      -1   19     -1
126      77      -1    59      -1   13     -1
127      19      -1    21      -1    9     -1
127      18      -1    24      -1    5     -1
128    1889      -1  1907      -1  405     -1
128    1855      -1  1885      -1  359     -1
129   20912      -1 18832      -1 4508     -1
129   21040      -1 18640      -1 4492     -1
130    3254      -1  2970      -1  604     -1
130    3270      -1  3002      -1  671     -1
131   17232      -1 15000      -1 3638     -1
131   16912      -1 15192      -1 3658     -1
132   21584      -1 18704      -1 4644     -1
132   21232      -1 18832      -1 4692     -1
133      47      -1    53      -1    8     -1
133      45      -1    57      -1   14     -1
134    7916      -1  7140      -1 1813     -1
134    8004      -1  7092      -1 1781     -1
135      49      -1    99      -1   20     -1
135      55      -1   101      -1   20     -1
136    7460      -1  6084      -1 1667     -1
136    7420      -1  6636      -1 1643     -1
137       0      -1     0      -1    0     -1
137       0      -1     0      -1    0     -1
138       0      -1     0      -1    0     -1
138       1      -1     0      -1    0     -1
139       0      -1     0      -1    0     -1
139       0      -1     0      -1    0     -1
140       0      -1     0      -1    0     -1
140       0      -1     0      -1    0     -1
141       0      -1     0      -1    0     -1
141       0      -1     0      -1    0     -1
142       0      -1     0      -1    0     -1
142       0      -1     0      -1    0     -1
143       0      -1     0      -1    0     -1
143       0      -1     0      -1    0     -1
144       0      -1     0      -1    0     -1
144       0      -1     0      -1    0     -1
145       0      -1     0      -1    0     -1
145       0      -1     0      -1    0     -1
146       0      -1     0      -1    0     -1
146       0      -1     0      -1    0     -1
147       0      -1     0      -1    0     -1
147       0      -1     0      -1    0     -1
148       1      -1     0      -1    0     -1
148       0      -1     0      -1    0     -1
149       0      -1     0      -1    0     -1
149       0      -1     0      -1    0     -1
150       0      -1     0      -1    0     -1
150       0      -1     0      -1    0     -1
