  1 121 158 1477632 1541120 1565696 1387520 1350656  44448  42464 1582080 1606656
  1 114 128 1479680 1543168 1563648 1385472 1369088  43808  42720 1584128 1608704
  2 458 512 6205440 6402048 6434816 5230592 5124096 277248 271616 6352896 6434816
  2 480 554 6230016 6410240 6459392 5230592 5156864 277248 272128 6393856 6451200
  3   0   0    2914    3086    2914    1779    1865     59     73    2910    2974
  3   0   0    2722    3002    2942    1787    1783     54     75    2954    2958
  4  69  66 4337664 4501504 4509696  391424  386816     68     58 4419584 4468736
  4  74  72 4370432 4534272 4542464  393472  386816     33     53 4444160 4493312
  5   0   0     134     154     141      87      90      2      3     129     129
  5   0   0     111     136     117      76      92      0      4     119     139
  6   0   0       0       0       0       0       0      0      0       0       1
  6   0   0       0       1       1       0       0      0      0       0       0
  7   0   0       0       0       1       0       0      0      0       0       1
  7   0   0       0       0       0       0       0      0      0       0       0
  8   0   0       0       0       0       1       3      0      0       1       2
  8   0   0       0       0       2       4       0      0      0       0       0
  9   0   0       0       0       0       0       0      0      0       0       0
  9   0   0       0       0       0       0       0      0      0       0       0
 10   0   0       2       1       0       0       0      0      0       2       2
 10   0   0       2       0       0       0       0      0      0       3       1
 11   0   0       0       1       0       0       0      0      0       0       0
 11   0   0       0       0       0       0       0      0      0       0       0
 12   5  11     363     416     468       9       9      0      0     342     403
 12   7   6     354     413     433       5       6      0      0     383     413
 13  28  23    1467    1553    1297     131     105      0      0    1281    1575
 13  22  39    1405    1575    1577     120     103      0      0    1485    1607
 14  67 104    2766    3118    3130    1035    1051     13     21    3034    3102
 14  61  66    2718    3026    3150    1069    1022     18     17    3026    3042
 15 475 644   21776   24272   25008   17456   17168   1487   1427   24560   24784
 15 515 670   21776   24912   25168   17360   17040   1147   1391   24624   24752
 16 682 953   29264   32528   32992   24176   23472   3494   3466   32048   32400
 16 648 923   29360   32624   33376   24112      -1   3734   3342   32464   32688
 17  25  93     419     546     537     429     421     82     90     681     727
 17  52  85     411     558     615     380     404     67     70     681     715
 18  31  62      71      61      86      51      60     13     15     390     447
 18  25  57      74      71      57      44      49     16     18     409     443
 19   5   3     105     111     108       8       8      0      0     124     106
 19   3   9     114     127     104       8       4      0      0     129     123
 20   1   0     226     243     266      20      21      0      0     232     245
 20   1   1     229     276     241      18      25      0      0     221     274
 21   0   0       1       2       3       0       0      0      0       1       2
 21   0   0       1       2       1       0       0      0      0       3       1
 22   0   0      21      27      16       3       2      0      0      13      15
 22   0   0      19      19      24       5       5      0      0      23      14
 23   0   1       0       1       1       1       0      0      0       1       0
 23   0   0       2       1       3       1       0      1      0       0       2
 24   1   0     241     255     325      46      38      0      0     260     286
 24   0   1     239     253     285      28      35      0      0     288     296
 25   2   2    1025    1051    1105     383     408      0      1    1109    1061
 25   2   3     992    1029    1085     388     347      0      0    1073    1101
 26  14  19    5844    6508    7060    3614    3726    555    566    6876    6852
 26  18  20    5932    6836    6676    3694    3754    572    529    6644    7052
 27  25  50    5332    6436    6228    3630    3498    107    118    6332    6332
 27  25  35    5340    6804    6252    3510    3574    101    102    6444    6708
 28 114 156   12184   15544   16168   12776   12888   2330   2302   16264   16816
 28 117 138   12312   15736   15848   12904   12968   2278   2214   16432   16560
 29  31  29    4732    5804    5988    4740    4956    553    551    6412    6660
 29  30  30    4732    5804    6092    4756    4676    557    572    6244    6652
 30  17  21    2622    3494    3602    2914    2866    654    598    3630    3770
 30  16  31    2602    3450    3634    2950    2950    622    635    3590    3986
 31   1   0      44      79      79      63      67     11     14      67      68
 31   0   0      41      55      79      65      70     14     13      87      78
 32   2   3      53      67      60      21      25      2      2      60      47
 32   3   3      57      54      64      -1      18      4      3      60      -1
 33   0   0       0       2       0       0       1      1      0       0       5
 33   0   0       1       0       1       1       1      0      0       0       0
 34   0   1       3       5       4       2       1      2      1       3       1
 34   0   0       3       4       4       1       6      0      0      10       3
 35   0   0       0       0       0       0       1      0      0       0       1
 35   0   0       1       0       0       0       2      0      0       0       0
 36   0   1      39      38      45       0       0      0      0      29      42
 36   0   1      29      33      38       0       0      0      1      52      35
 37   0   0     278     262     302       1       6      0      0     282     306
 37   0   0     259     255     270       3       4      0      1     279     290
 38   1   0     408     431     448      33      34      0      0     439     467
 38   1   1     391     439     462      40      30      0      0     450     482
 39   5   6    1903    2174    2150     852     891     18     14    2138    2198
 39   6   6    1987    2054    2162     833     842     20     20    2086    2142
 40   3   5     439     445     483     316     334     32     44     486     482
 40   9   5     452     477     467     309     292     37     37     484     526
 41   2   2    3066    3278    3362    2446    2518    212    196    3346    3442
 41   6   6    2986    3266    3318    2534    2478    205    211    3434    3378
 42   2   0    2194    2286    2362    1987    2009    459    458    2522    2462
 42   1   3    2202    2354    2402    1995    2021    412    451    2474    2450
 43   4  10    2914    2942    3046    2742    2654    512    476    3142    3218
 43  10  12    3066    2818    3106    2702    2670    457    460    3066    3258
 44  12  16     713     903     952     740     753    167    202     990    1035
 44  16  17     746     869     889     734     777    186    182    1073    1103
 45   0   0      22      17      37      27      25      8     11      28      31
 45  -1   1      22      28      28      17      25      7      7      26      32
 46   0   0       0       0       0       0       1      0      0       0       7
 46   0   0       1       2       0       0       0      1      0       3       4
 47   0   0       0       0       0       0       1      0      0       0       0
 47   0   0       0       1       0       0       0      0      0       0       0
 48   0   0       6       3       9       0       0      0      0       5       8
 48   0   0      13       5       8       0       0      0      0      -1       6
 49   0   0      52      49      45       0       0      0      0      49      52
 49   0   0      52      72      72       0       0      0      0      58      49
 50   0   1     374     383     349      59      57      0      0     330     354
 50   0   0     395     401     342      64      63      0      0     332     322
 51   0   0     416     451     397     241     192      0      0     421     431
 51   0   0     421     455     423     205     198      0      0     411     378
 52   1   0     424     466     421     372     328      9      9     467     444
 52   0   0     444     450     427     313     333      9      9     445     441
 53   0   0      78      84      91      57      69      0      1      99     105
 53   0   0      76     107      81      51      67      0      1     107     128
 54   0   0      41      39      53      32      40      6      9      49      49
 54   0   0      41      47      48      38      36      8      5      57      56
 55   0   0     418     464     532     409     396     74     78     544     540
 55   0   2     432     500     486     371     417     65     84     529     567
 56   0   1     688     787     800     675     703    149    164     809     901
 56   0   2     664     786     827     620     671    163    148     860     834
 57   0   0     100     109     101      79      78     23     22      97     115
 57   0   1      98     117      82     104      82     15     13     102     104
 58   0   0     373     399     432     337     322     82     79     458     468
 58   0   0     446     418     446     323     295     79     70     419     463
 59   0   0      28      18      24      19      16      3      2      18      20
 59   0   0      21      22      23      13      13      3      1      14      19
 60   0   0       7       7       6       1       1      0      0       4       6
 60   0   0       6       7       8       0       0      1      1       3       9
 61   0   0      17      17       9       0       0      0      0      17      15
 61   0   0      13      14      10       0       0      0      0      14      19
 62   0   0      11      18      19       6       1      0      0      16      13
 62   0   0      18      12      18       4       8      1      0      16      16
 63   0   0      68      84      70      37      36      0      0      67      82
 63   0   0      80      73      81      48      45      0      0      71      73
 64   0   0       6       7       4       2       4      1      0       5       2
 64   0   0       4       7       7       2       3      0      0       2       5
 65   0   0       7      12       6       4       6      0      0      11      14
 65   0   0       6       5       7       4       5      0      0       2       7
 66   0   0       4       2       5       2       3      0      0       7       4
 66   0   0       2       2       2       0       2      0      0       3       3
 67   1   0      18      15      27      19      24      3      2      25      20
 67   0   0      22      19      35      13      21      2      2      28      21
 68   0   0       5       5       8       9       6      2      3      10       7
 68   0   0       7       5      10       5       9      1     -1       6       6
 69   1   2     168     213     215     177     199     30     49     219     239
 69   1   0     196     222     225     194     187     41     47     211     245
 70   0   0      13      21      25      13      21      2      4      21      23
 70   0   0      16      12      14      16      20      7      4      16      25
 71   0   0       3       0       4       0       4      0      0       5       2
 71   0   0       2       4       2       0       2      2      2       2       2
 72   0   0       7       4       1       1       2      1      0       3       3
 72   0   0       3       1       6       0       1      0      0       4       6
 73   0   0      33      34      32       0       0      0      1      28      36
 73   0   0      29      26      37       0       0      0      0      28      27
 74   0   0      84      97     107       5       2      0      0      94      87
 74   0   0     106     108      79       3       0      0      0     104      91
 75   0   0      39      37      41       9      10      0      0      34      31
 75   0   0      32      41      40       8       5      1      0      43      37
 76   0   0     109     100      93      69      76      1      5      97     107
 76   0   1      92      85     107      66      48      6      4     104      82
 77   0   0     488     541     487     319     348     19     12     548     488
 77   0   1     525     489     523     309     328     14     16     529     525
 78   0   0    2746    2814    2694    2346    2230    634    611    2814    2834
 78   1   0    2786    2734    2830    2314    2326    610    563    2750    2802
 79   0   0     123     117     112      78      97     28     25      88     101
 79   0   0     145      -1     122      73      75     23     30     101     111
 80   0   0       3       6       4       5       2      0      0       3       1
 80   0   1       1       2      10       3       4      2      0       7       2
 81   0   0       3       5       5       4       2      0      0       1       2
 81   0   0       1       2       5       5       3      1      1       3       3
 82   0   0       0       0       0       3       1      0      0       1       4
 82   1   0       3       0       2       2       2      0      1       2       1
 83   0   0       3       3       0       1       2      1      1       1       0
 83   0   0       1       1       2       3       1      1      0       0       0
 84   0   0     141     166     213     151     150     45     51     212     216
 84   0   0      -1     178     205     161     160     53     45     207     207
 85   0   0      25      32      15      18      21      0      8      21      25
 85   0   0      17      21      27      23      13      7      4      22      22
 86   0   0       0       3       2       0       0      0      2       1       1
 86   1   0       3       1       3       2       2      0      1       2       3
 87   0   0       0       0       0       0       0      0      0       0       0
 87   0   0       0       0       0       0       0      0      0       0       2
 88   0   0       0       0       0       0       0      0      0       0       0
 88   0   0       0       0       0       0       0      0      0       0       0
 89   0   0       0       1       0       0       0      0      0       1       0
 89   0   0       0       0       0       0       0      0      0       0       1
 90   0   0       0       0       0       0       0      0      0       0       1
 90   0   0       0       0       0       0       0      0      0       0       0
 91   0   0       4       6       8       8       8      1      0       6       7
 91   0   0       7       6       5       6       6      1      3       4      11
 92   0   0       3       4       6       6       6      2      3       4       2
 92   0   0       4       1       4       3       6      2      4       5       7
 93   0   0       0       0       0       1       0      0      0       2       0
 93   0   0       0       0       1       0       0      0      0       2       0
 94   0   0       0       0       0       0       0      1      0       0       0
 94   0   0       0       0       0       0       0      0      0       0       0
 95   0   0       0       0       0       0       0      0      1       1       3
 95   0   0       0       0       0       0       0      0      0       0       2
 96   0   0       0       1       0       2       1      0      2       1       1
 96   0   0       1       0       1       2       2      0      1       1       1
 97   0   0       0       0       1       0       0      0      0       1       1
 97   0   0       0       0       0       0       0      0      0       2       0
 98   0   0       0       0       1       1       0      1      2       0       1
 98   0   0       0       0       0       1       1      0      0       0       0
 99   0   0       0       0       0       0       0      0      1       0       0
 99   0   0       0       0      -1       0       0      0      0       0       0
100   0   0       0       0       0       1       0      0      0       0       0
100   0   0       0       0       0       1       0      0      0       0       0
