 1  40  39 1348608 1342464 1149952 1149952  37728  36448 1422336 1408000 1438720 1446912  297  268
 1  27  37 1358848 1360896 1154048 1170432  38176  36896 1430528 1428480 1457152 1465344  290  281
 2 138 140 6615040 6631424 6017024 5959680 321792 311552 6647808 6680576 6696960 6705152 1097 1019
 2 145  -1 6639616 6672384 6041600 5984256 320768 312576 6672384 6721536 6737920 6754304 1123  998
 3   0   0    2230    2406    1585    1563     53     63    2258    2266    2218    2206    1    0
 3   0   0    2214    2314    1501    1561     64     62    2210    2262    2186    2174    0    0
 4  16  22     256     246      21      16      0      0     213     239     267     217   13   14
 4  17  11     272     270      20      20      0      0     255     236     222     212   15   12
 5   0   0       0       0       0       0      0      0       0       0       0       0    0    0
 5   0   0       0       0       0       0      0      0       0       0       0       0    0    0
 6   0   1       0       0       0       0      0      0       0       1       1       0    0    0
 6   0   0       1       0       0       0      0     -1       0       0       0       0    0    0
 7   0   0       0       0       0       0      0      0       0       1       0       0    0    0
 7   0   0       1       0       0       0      0      0       1       0       1       0    0    0
 8   0   0       0       0       0       0      0      0       0       0       0       0    0    0
 8   0   0       0       0       0       0      0      0       0       0       0       0    0    0
 9   0   0       0       0       0       0      0      0       0       0       0       0    0    0
 9   0   0       0       0       0       0      0      0       0       0       0       0    0    0
10   0   0       0       0       0       0      0      0       0       0       0       0    0    0
10   0   0       0       0       0       0      0      0       0       0       0       0    0    0
11   0   0       0       0       0       0      0      0       0       0       0       0    0    0
11   0   0       0       0       0       0      0      0       0       0       0       0    0    0
12   4   6     212     233       8       4      1      0     279     286     174     246    8   11
12   7   4     228     192       3       6      0      0     255     229     166     258    8   11
13  10   8     664     716     104      86      0      0     779     802     546     819   20   23
13  10  17     684     618      71      86      0      0     828     834     508     810   22   21
14  17  24    2186    2514     751     774     15     15    2602    2662    1965    2714   50   63
14  22  17    2246    2474     829     805     15     18    2538    2690    2011    2774   61   53
15 188 201   15608   17072   13688   14136    957    930   18768   18896   12616   19664  435  405
15 194 208   15576   17008   13384   14056    962    948   18928   19088   12664   20112  490   -1
16 244 281   20304   21840   18640   19888   2982   3002   25232   25200   17648   26736  596  634
16 258 284   20368   22000   18448   19472   2966   3010   24848   25168   17808   26640  590  572
17   4   2     272     318     168     197     39     25     322     301     300     358   12   10
17   6   5     291     257     179     196     22     20     334     347     242     365   24   20
18   0   1      22      18      12      11      1      2      27      35      45      36   34   34
18   1   1      28      22       8      13      1      2      35      31      36      -1   24   30
19   4   5      14      16      12      11      0      0      15       8      11      11    8    4
19   4   4      15      16      13      11      0      0      19      16       9      11    3   10
20   0   0      92     124       0       0      0      0      90      94     109     104    0    2
20   0   0     105     123       0       0      0      0     102     110      99      93    1    0
21   0   0       0       0       0       0      0      0       0       0       0       0    0    0
21   0   0       0       0       0       0      0      0       0       0       0       0    0    0
22   0   0       0       1       0       0      0      0       1       0       3       1    2    0
22   0   0       1       0       0       0      0      0       0       0       0       1    0    0
23   0   0       0       0       1       1      2      0       0       0       0       0    0    0
23   0   0       0       0       1       0      2      0       0       0       0       0    0    0
24   0   0       8      11       0       0      0      0      10      11      14      16    0    1
24   0   1       9      10       0       0      0      0      14      14      13      19    1    0
25   0   1      50      54       0       2      0      0      66      66      52      68    3    5
25   0   1      47      72       1       1      0      0      59      73      52      65    3    8
26   5   9     339     407     173     182      6      6     477     447     325     421   34   32
26   3   5     354     406     183     161      9      7     463     483     297     425   27   23
27  11  14     611     693     446     465     16     17     782     792     585     812   54   53
27  17  12     553     631     454     528     10     21     804     833     623     806   72   72
28  41  30   11048   11272    5668    5740    417    428   11416   10824    9848   10472  146  160
28  42  47   10936   11368    5540    5660    456    464   11304   10872   10024   10552  142  146
29   0   4     431     484     492     514     72     69     655     647     498     727   42   47
29   3   4     469     512     458     506     69     85     650     722     525     690   50   40
30   1   4     437     501     473     512    123    126     637     586     443     633   18   23
30   2   4     455     496     483     509    117    101     591     608     453     625   37   18
31   0   0      15      22      12      18      2      2      18      18      13      18    1    1
31   0   1      15      18       9      15      2      2      16      12       6      16    0    1
32   0   0    1109    1309     868     877     95     72    1389    1167    1093    1127   16   14
32   0   0    1017    1345     887     825     84     83    1107    1119    1119    1075   17   13
33   0   0    1031    1403    1375    1405     54     46    1143    1105    1033    1095   17   13
33   0   0    1107    1327    1443    1153     50     41    1333    1345    1105    1071   16    8
34   0   0    5012    5084    4788    4860   1039   1043    5036    5060    4948    4996   38   24
34   0   0    4836    5044    4836    4828   1331   1045    4932    4932    4860    5052   39   33
35   0   0     114     130      98     114     16     18     104      99      82     105    1    2
35   0   0     106      98     100      92      9     15     119     117     106      95    1    0
36   0   0     188     223     197     216     51     48     223     189     221     206    1    2
36   0   0     205     198     207     213     59     51     194     226     245     195    0    2
37   0   0      12      12       3       0      0      0      20      14      16      15    3    0
37   0   1      12       9       1       0      0      2       6      16       8      13    1    2
38   0   1      14      20       3       2      1      0      19      19      19      20    1    4
38   0   0      10      18       6       2      0      0      -1      20      30      17    2    0
39   0   4      67      67      55      57      5      4      91     110      67     102    8    4
39   0   1      66      78      44      61      4      0      83      98      75      98    7    7
40   1   1     789     815     487     490     26     16     809     799     777     775    2    2
40   0   3     756     786     512     487     11     22     785     756     776     744    4    3
41   0   0     102     110     110      95     20     14     140     164     143     165   10   16
41   0   3     107     113     103     140     21     19     159     144     151     166   17   12
42   0   3      54      78      60      78     21     26      79      76      86     102    9    9
42   0   1      64      67      60      77     31     37      82      89      67      84    5    6
43   0   0      51      46      67      64     14     18      69      87      74      79   12   11
43   0   1      43      60      62      74     14     15      78      86      71      77   17    7
44   5  10      98     101      86      65     20     25     112     109     124     117   32   27
44   7   3      82     104      75      84     19     13     121     108     123     123   28   24
45   0   0       1       0       1       4      0      0       4       3       3       4    0    0
45   0   0       2      -1       0       2      1      1       1       6       2       3    0    0
46   0   0       0       2       1       2      0      0       0       1       0       1    0    0
46   0   0       0       0       0       0      0      0       1       0       1       1    0    0
47   0   0       0       0       0       0      0      0       1       1       0       0    0    0
47   0   0       1       0       3       0      2      0       0       0       1       2    0    0
48   0   0       2       0       0       0      0      0       0       0       2       0    0    0
48   0   0       0       0       1       0      0      0       1       0       0       0    0    0
49   0   0       1       1       0       0      0      0       0       0       2       1    0    0
49   0   0       1       0       0       0      0      0       3       3       2       2    0    0
50   0   0       4       5       0       0      0      0       4       4       5       6    0    1
50   0   0       3       3       3       0      0      0       6       3       4       9    1    1
