 1  -1  47  60 1205248 1414144 1426432 1438720 1448960 1463296 1203200 1172480  36704  36512 1487872 1498112 1479680 1491968  287 257
 1  -1  47  40 1219584 1240064 1426432 1440768 1448960 1457152 1203200 1184768  36960  36832 1485824 1496064 1479680 1485824  295 270
 2 169 165 170 6025216 6057984 6074368 6090752 6098944 6123520 4788224 4698112 241280 238976 6066176 6123520 6074368 6082560 1057 894
 2 178 159 200 6049792 6066176 6090752 6107136 6123520 6131712 4788224 4714496 242304 239488 6074368 6139904 6090752 6098944  984 909
 3   0   0   0    2790    2750    2818    2822    2778    2766    1631    1605     68     68    2706    2650    2634    2706    1   0
 3   1   0   0    2670    2774    2638    2766    2654    2698    1633    1589     62     59    2622    2662    2586    2614    0   0
 4 924 999 910 5689344 5697536 5689344 5689344 5689344 5689344  510720  502016     90    101 5550080 5591040 5574656 5558272   53  49
 4 956 965 925 5730304 5738496 5738496 5722112 5722112 5730304  508672  503040     90     71 5591040 5632000 5607424 5591040   58  52
 5   0   0   0     167     148     161     186     193     155      98     107      5      3     164     166     160     144    0   0
 5   0   0   0     176     161     202     189     149     156      84     104      1      2     143     155     169     172    0   0
 6   0   0   0       0       1       0       0       0       0       0       0      0      0       1       0       0       0    0   0
 6   0   0   0       0       0       0       1       0       0       0       0      0      0       0       0       0       0    0   0
 7   0   0   0       0       0       0       1       0       0       0       0      0      0       0       0       0       0    1   0
 7   0   0   0       0       0       1       0       0       0       0       0      0      0       0       0       0       1    0   0
 8   0   0   0       2       1       4       2       1       2       4       4      0      0       2       0       2       1    0   0
 8   0   0  -1       1       1       2       1       3       2       6       4      0      0       0       2       2       2    0   0
 9   0   0   0       0       0       0       0       0       1       0       0      0      0       0       1       0       1    0   0
 9   0   0   0       0       0       0       0       0       0       0       0      0      0       0       0       0       0    0   0
10   0   0   0       3       1       0       1       3       2       0       0      0      0       0       0       0       2    0   0
10   0   0   0       0       1       1       1       1       2       0       0      0      0       0       0       0       1    0   0
11   0   0   0       0       0       0       0       0       0       0       1      0      0       0       0       0       0    0   0
11   0   0   0      -1       0       0       0       0       0       0       0      0      0       0       0       0       0    0   0
12   1   6   7     181     197     211     210     198     216       4       4      0      0     245     240     159     246   10   5
12   1   5   5     179     196     221     223     184      -1       6       2      0      0     223     218     162     224    6   2
13   8  10   8     573     653     695     690     650     703      77      59      0      0     734     703     457     676   12  18
13  15  12   9     620     652     645     687     727     707      83      75      0      0     705     707     534     695   23  23
14  25  26  33    1639    1749    1805    1857    1957    1967     630     638     13     11    1981    1997    1171    1927   49  46
14  19  25  31    1571    1743    1823    1913    1869    1849     627     638     16     10    2019    1967    1149      -1   50  55
15 199 245 273   13704   15528   15784   15880   16088   16056   11384   10952    803    784   16312   16120   11128   17264  419 378
15 182 211 243   13960   15128   15560   15768   15800   16168   11320   11032    777    751   16056   16136   11224   17008  408 382
16 247 322 383   19824   21456   22672   22736   23248   23760   16560   16688   2446   2462   23664   24080   17488   25104  718 687
16 258 287 368   19856   21904   22512   22864   23056   23344   16528   16816   2438   2422   23824   23984   17200   25040  751 674
17  37  40  77    2158    2570    2750    2906    2898    2918    2045    1881    424    366    3034    3018    3082    3182  307 264
17  32  55  67    2130    2614    2694    2738    2830    2910    1885    1965    348    360    3098    3078    3050    3170  281 300
18  17  26  20      64      66      58      59      55      55      27      42      4      5      93     115     315     314  209 229
18  14  13  26      53      58      70      72      82      70      34      26      2      4      81     109     292     296  221 218
19   4   5   2       9      12       9      14      17      11       2       8      0      0      10       9      12      18    6   7
19   7   5  10      12      10       8      12      15      10       7       5      0      0       8      10      16      18    3   9
20   0   1   0     195     174     185     183     198     174      24      13      0      0     174     182     185     187    0   1
20   0   2   0     203     202     178     206      -1     174      15      18      0      0     188     175     178     163    4   2
21   0   0   0       0       0       1       2       1       0       0       0      0      0       2       2       0       1    0   0
21   0   0   0       1       0       0       0       2       0       1       0      0      0       0       0       1       1    0   0
22   1   0   0      16      26      16      17      20      24       1       0      0      0      19      18      20      14    0   0
22   0   0   0      17      24      17      26      22      20       2       2      0      0      19      14      24      18    0   1
23   0   1   0       1       0       1       0       0       1       2       0      3      2       3       1       0       1    0   0
23   1   1   0       1       1       1       2       0       1       4       1      0      2       0       1       0       1    0   0
24   0   2   1      13      19      13      14      12       7       0       0      0      0      24      16      14       9    3   0
24   0   0   0       6      12      18       9       9      15       0       1      0      0      11      14      15      14    0   1
25   2   2   0      48      68      75      78      81      83       3       3      0      0      98      85      66      87    6   4
25   0   1   1      31      71      74      67      72      75       2       3      0      0      76      72      53      73    7   6
26  13   8   5     259     366     360     432     430     448     204     183      6      6     521     489     351     460   25  28
26   2  12  10     271     329     380     412     467     496     183     170      2      8     500     494     352     535   30  36
27   6   9  15     465     540     693     737     845     764     479     508     14     22     859     828     639     858   69  49
27   9   7  13     422     606     722     758     771     840     443     478     14     17     879     913     663     876   59  47
28  45  48  46    1759    2254    2542    2702    2890    3058    2438    2482    405    359    3134    3302    2382    2922  157 138
28  51  54  62    1729    2310    2574    2762    2770    2970    2426    2466    386    397    3178    3090    2342    3102  168 131
29   7   4  10     354     420     497     565     613     623     549     544     74     93     685     742     512     735   48  41
29   3   8   5     294     439     531      -1     581     616     524     548     78     80     726     733     510     693   59  54
30   8   2  11     374     517     585     656     661     668     534     549    146    134     780     738     542     761   24  29
30   8   3   9     343     503     605     648     702     666     568     584    146    143     788     744     486     720   24  23
31   0   1   0       5      10      16      16      22      21      18      13      5      3      21      18      16      19    1   0
31   1   0   0       7       7       8      17      11      14      13      16      5      5      17      22      15      20    2   1
32   2   0   1      17      19      14      17      17      18       5       8      1      2      20      13      23      24    0   3
32   1   0   0      12      18      17      15      18      13       8       5      3      1      22      29      27      21    2   0
33   0   0   0       1       2       0       0       0       0       1       1      0      0       3       1       0       1    0   0
33   1   0   0       0       1       0       0       0       0       1       0      1      0       2       0       1       0    0   0
34   0   0   0       2       2       2       3       1       2       1       1      0      0       4       2       5       3    2   2
34   0   0   0       2       1       3       2       1       2       0       1      0      0       2       1       2       5    0   0
35   1   0   0       0       0       0       0       1       1       1       0      0      0       0       0       0       0    0   0
35   0   0   0       0       0       0       0       0       0       0       0      0      0       1       0       0       0    0   0
36   0   0   0       2       3       0       2       2       2       0       0      0      0       1       2       2       2    1   0
36   0   1   0       2       2       0       1       2       0       0       0      0      0       3       2       2       5    0   0
37   0   0   0       6       2       6       6       3      15       1       1      0      0      12       7      10       7    1   4
37   0   0   0       5       3       5       8       3      11       1       2      0      0       8       7       5       8    3   0
38   0   0   0      10       5       9      14       6       8       0       1      0      0      13      14       9      25    4   2
38   1   0   0       9       8       9      17       9      15       1       5      0      0      19      13      21      17    3   2
39   0   1   1      25      33      38      46      55      59      30      26      2      0      69      71      59      67    5  11
39   1   2   0      37      42      49      49      53      54      21      31      5      4      62      64      49      73   16  10
40   2   0   0      18      22      27      25      22      26      22      22      4      4      29      26      29      22    3   4
40   2   1   1      21      34      18      24      26      34      23      20      0      1      24      21      31      30    2   3
41   0   0   0      37      60      54      73      67      68      68      63     10      6      87     116     106     112   23  12
41   1   0   1      48      61      53      66      65      75      62      71     15     10      85     107      75     123   12   6
42   0   1   0      23      27      39      43      37      49      53      40     22     14      47      53      33      57   10   2
42   1   0   0      30      36      28      41      48      51      42      35     15     18      43      51      37      56    9   6
43   3   1   0      26      28      35      44      45      51      47      58     13     12      69      53      47      69   18  12
43   1   2   0      29      28      32      46      49      56      51      45     14     18      80      69      52      63   20  21
44  11   6  11      49      53      60      60      49      74      47      43     17     13      82      86      79      69   30  26
44  10   7  11      40      65      56      69      63      80      61      57      9     12      83      -1      84     115   37  24
45   0   0   0       0       0       1       1       1       3       2       1      1      2       0       1       1       1    2   1
45   0   0   0       0       0       0       1       2       1      -1       3      0      1       1       2       1       4    3   0
46   0   0   1       0       1       0       0       0       0       0       1      0      0       0       1       1       2    0   0
46   0   0   0       0       0       0       0       0       0       0       0      0      0       0       1       1       1    0   0
47   0   0   0       0       0       0       0       0       1       0       0      0      0       0       0       0       1    0   0
47   0   0   0       0       0       1       0       0       0       0       0      0      0       0       0       0       1    0   0
48   0   0   0       0       0       0       0       0       0       0       0      0      0       1       0       0       0    0   0
48   0   0   0       0       0       0       0       0       0       0       0      0      0       0       0       1       1    0   0
49   0   0   0       0       0       0       2       0       1       0       0      0      0       1       2       2       0    0   0
49   0   0   0       1       0       0       0       1       0       0       0      0      0       2       0       2       1    0   0
50   0   0   0       1       2       0       0       3       3       0       0      0      0       2       3       1       2    0   0
50   0   0   0       2       0       2       2       0       2       1       2      0      0       2       2       5       6    0   0
