 1 197 230 1571840 1582080 1483776 1463296  48224  46176 1643520 1664000 1684480 1674240  801
 1 195 215 1571840 1588224 1489920 1475584  47968  45984 1647616 1664000 1680384 1678336  828
 2 839 879 6672384 6672384 5705728 5591040 305920 296192 6631424 6713344 6713344 6688768 3526
 2 837 858 6680576 6696960 5713920 5615616 305408 296704 6656000 6721536 6713344 6713344 3594
 3   1   0    3890    3610    2266    2154     83     85    3810    3886    3566    3494    0
 3   0   0    3610    3742    2262    2178     97     78    3618    3638    3530    3478    4
 4  13  15 3631104 3614720  301824  295680     30     27 3512320 3553280 3540992 3532800  121
 4  21  16 3651584 3635200  302336  295680     33     27 3532800 3573760 3561472 3553280  154
 5   0   0      96     121      57      79      0      1     106     117      80     118    0
 5   0   0      98     106      62      64      4      1      98      98     101      95    0
 6   0   0       1       0       0       0      0      0       0       0       0       1    0
 6   0   0       1       0       1       1      0      0       1       1       0       0    0
 7   0   0       1       0       0       0      0      0       2       2       1       0    0
 7   0   0       0       0       0       0      0      0       1       0       0       0    0
 8   0   0       0       1       1       0      0      0       0       0       0       0    0
 8   0   0       0       1       2       1      0      0       0       1       0       1    0
 9   0   0       0       0       0       0      0      0       0       0       0       0    0
 9   0   0       0       1       0       0      0      0       0       0       0       0    0
10   0   0       0       0       0       0      0      0       0       0       0       0    0
10   0   0       0       0       0       0      0      0       0       0       0       0    0
11   0   0       0       1       0       0      0      0       0       0       1       0    0
11   0   0       0       0       0       0      0      0       0       0       0       0    0
12  10   6     217     247       5       3      0      0     253     287     201     293   17
12   6  14     215     231       5       2      0      0     288     239     181     308   15
13  21  25     742     825      89      86      0      0     852     861     590     939   29
13  19  29     695     782      73      86      0      0     826     827     600     893   45
14  58  74    2270    2506     849     864     13     16    2634    2602    2025    2682  103
14  69  77    2314    2518     847     837     15     22    2630    2558    2078    2782   96
15 464 533   17200   18896   14424   14104    957    984   20112   20560   14424   21040  690
15 488 609   16560   19152   14296   14120    989    976   19760   20400   14808   21168  734
16 595 775   23056   25584   20144   19664   3022   3014   27248   26704   19376   28400  947
16 652 779   22896   25424   19984   19952   3098   2994   26704   26928   19472   28912  884
17   8  14     270     268     179     189     22     36     286     310     236     282   28
17   2   8     247     254     168     210     26     33     269     336     241     340   27
18   1  10      46      68      16      10      5      7      84      59      99      87   55
18  -1  13      59      69      18      16      2      4      67      59      89      93   30
19   4   5      20      21      16       9      0      0      24      20      21      21    6
19   8   4      17      19       9       4      0      0      20      20      24      14    8
20   2   3    6532    6404       0       1      0      0    6252    6404    6260    6084    0
20   0   1    6172    6564       0       0      0      0    6116    6124    5932    5988    0
21   0   0       0       0       0       0      0      0       1       0       0       0    0
21   0   0       0       0       0       0      0      0       0       0       1       0    0
22   0   0       1       0       0       0      0      0       2       0       2       1    0
22   0   0       1       0       0       0      0      0       1       0       0       3    0
23   0   0       0       2       1       3      0      1       1       0       1       0    0
23   0   0       1       0       5       0      0      2       0       0       0       1    0
24   2   0      10      18       0       0      0      0      11      16       8      13    2
24   1   2      17      18       0       0      0      0      16      14      13      15    0
25   2   2      79      62       0       4      0      0      71      78      79     102    8
25   5   3      60      87       0       2      0      0      80      86      62      80    8
26  15  15     321     477     195     172     15      5     504     515     376     500   55
26  18  14     373     463     190     193      6      7     494     510     381     528   48
27  26  32     585     764     489     495     20     17     857     894     639     869   98
27  16  22     663     854     522     517     11     11     908     953     655     844   87
28 114 145    6404    6908    4428    4260    429    432    7124    7196    6188    7164  273
28 113 111    6332    6876    4244    4292    403    457    7044    7380    6100    7188  251
29  22  27    1451    1629    1705    1589     80     75    1703    1717    1509    1793  100
29  20  15    1235    1623    1655    1633     97     84    1777    1707    1301    1689   80
30  23  17    6156    6148    5948    5860   1331   1489    6140    6532    5900    6092   41
30  12  17    6228    6484    6268    5908   1527   1497    6492    6260    5836    6012   51
31   0   1    6348    6676    5404    5220   1007    939    6556    6484    6196    6524   13
31   0   1    6716    6620    5492    5372    977    953    6252    6484    6372    6012    7
32   2   6    5604    5764    5396    5276    757    707    5644    5620    5548    5476   15
32   5   4    5636    5548    5420    5196    701    686    5628    5532    5524    5452   15
33   2   0    1793    1881    1693    1675    181    147    1797    1893    1813    1881   12
33   0   0    1889    1895    1713    1621    172    162    1811    1829    1841    1849    7
34   2   2    5412    5348    5140    4956   1631   1611    5388    5244    5868    5676   23
34   3   3    5388    5396    5132    4964   1579   1589    5380    5316    5732    5812   13
35   0   0       2       5       6       1      0      0       2       2       1       4    1
35   0   0       0       1       7       1      0      1       2       5       5       2    0
36   0   1     129     135      72      77      4      2     138     129     125     128    0
36   0   0     120     118      95      91      1      3     124     114     126      96    0
37   0   0      33      38       0       2      0      0      31      24      29      47    1
37   0   1      30      29       0       1      0      0      26      35      27      43    2
38   0   0     141     167      22      18      0      0     191     163     169     149    6
38   1   0     163     150      14      18      0      0     174     161     169     157    4
39   4   4     120     140      72      95      1      9     182     163     144     155   25
39   0   3     135     128      94      91      6      1     152     170     162     191   20
40   8   9   52192   52256   30128   29456    721    704   49952   50848   50528   50528    7
40  13   5   52064   52256   30224   29680    766    743   50336   50336   50656   50656    7
41   5   6     150     158     144     119     20     25     209     195     184     176   27
41   5   6     149     181     148     157     19     23     159     203     168     196   33
42   5   4      64      67      81      74     31     20      93      96      81      90   21
42   2   4      75      73      71      85     34     25      90     110      74      99   14
43   5   6      52      73      89      89     30     26     115      86     101     111   34
43   4   6      60      80      80      92     16     28     113     100      84     129   29
44   9  12      92     120      90      89     18     22     138     126     138     145   50
44  14  10      90     122      69      78     22     22     153     137     145     151   44
45   0   0       6       3       1       0      1      0       4       5       7       6    2
45   0   0       4       2       4       1      0      0       6       1       3       4    0
46   0   0       1       0       0       0      0      0       1       2       0       1    0
46   1   0       1       0       0       0      0      0       2       1       1       0    0
47   0   0       1       1       0       0      0      0       0       1       0       0    0
47   0   0       0       0       0       0      0      0       0       0       1       2    0
48   0   0       1       2       0       0      0      0       1       1       0       1    0
48   0   0       0       0       1       0      0      0       0       0       2       0    0
49   0   0       0       1       0       1      0      0       1       0       2       2    0
49   0   0       1       3       1       0      0      0       1       0       2       0    1
50   0   0       7       2       0       0      0      0      10       7       7       9    0
50   0   1       9      10       2       0      0      0       9       6       8       4    0
51   0   1       5       9       5       4      0      0      15       6       6      10    0
51   0   0       1       5       1       1      0      0       5       4      10       8    0
52   0   0       2       6       1       3      0      0       3       3       5       6    1
52   1   0       4       4       2       4      0      0       3       3       4       5    1
53   0   0      10       7       7       4      0      0      12       8       9      11    1
53   0   0       9       6       6      10      0      0       6      12      12       7    0
54   0   0       1       2       8       1      0      0       6       6       3       8    2
54   0   0       2       6       2       5      0      1       7       4       5       6    0
55   0   0      18      30      28      27      6      4      39      24      27      48    0
55   2   2      22      30      34      32      4      6      45      31      40      50    2
56   0   1      19      19      32      32     13     10      29      24      31      38    2
56   0   0      27      29      30      38      9     16      36      35      25      23    2
57   1   1       9      10      13      15      7      2      15      14      12      18    3
57   0   0       8       4       9      16      4      1      14      12      12      15    0
58   0   0       6       8       5      16      3      1       8       4      13       6    1
58   2   0      -1       3       9       8      2      3      10      11      17       9    1
59   0   0       1       3       2       1      0      0       1       2       5       1    1
59   0   0       1       1       3       0      0      0       3       1       2       1    0
60   0   0       4       5       6       4      1      0       7       5       5       8    0
60   0   0       4       2       4       3      3      2       8       9       7       5    0
61   0   0       1       1       3       2      1      0       5       2       4       4    0
61   0   0       6       4      -1       3      0      1       3       4       6       1    0
62   0   0       0       8       3       7      2      0       7       3       7       1    0
62   0   0       4      -1       2       3      0      1       8       6       6       4    0
63   0   0       1       2       0       1      1      0       0       6       2       1    1
63   0   0       2       4       1       1      0      0       2       6       1       1    0
64   0   0       0       1       1       1      1      1       0       0       0       0    0
64   0   0       0       0       0       0      0      0       1       0       1       1    0
65   0   0       3       0       0       1      0      0       2       1       3       1    1
65   0   0       2       2       1      -1      0      0       0       2       2       2    1
66   0   0       0       2       1       1      1      0       3       2       6       2    0
66   0   0       4       1       2       2      0      0       1       1       4       2    0
67   0   0      12      12      19      11      2      5      13      19      12      12    1
67   0   0       6       8       9      13      3      2      19      11      14      18    0
68   0   0       4       5       6       5      2      2       2      11       5       3    1
68   0   0       3       3       1       2      2      1       4       5      -1       2    0
69   1   1       6      10       8       7      2      0       6       6       7      10    0
69   0   0       5       9       4       4      2      3       5      11      11       7    2
70   0   0       6       4       2       4      4      6      18      12      12       8    0
70   1   0       9       6      10      15      2      7       9      13       7       8    0
71   0   0       4       1       1       2      1      1       2       3       2       7    0
71   0   0       2       4       1       2      1     -1       1       1       4       1    0
72   0   0       1       1       2       2      0      0       1       2       0       1    0
72   0   0       2       2       2       0      0      1       1       0       2       1    0
73   0   0       0       0       0       0      0      0       1       1       1       1    0
73   0   0       0       0       0       0      0      0       1      -1       1       2    0
74   0   0       0       0       0       0      0      0       2       0       2       1    0
74   0   0       1       0       1       0      0      0       2       1       1       0    0
75   0   0    1783    1843    1043     993      8     10    1727    1831    1817    1753    1
75   0   0    1767    1879    1043     940      6     10    1815    1875    1843    1831    4
76   0   0    5036    5260    4524    4492    730    728    5196    5100    5308    5396    6
76   0   0    5140    5092    4556    4524    732    776    5172    5308    5364    5476    3
77   0   0    1155    1371    1029    1245    182    171    1181    1215    1523    1461    1
77   0   1    1425    1441    1017     950    183    156    1445    1197    1251    1515    2
78   0   0    4364    4524    4082    4180   1123   1103    4548    4636    4628    4588    5
78   0   0    4556    4620    4164    4172   1091   1119    4508    4588    4668    4652    6
79   0   0       2       3       1       1      0      2       4       3       1       2    0
79   0   0       2       3       4       2      0      0       0       4       5       3    0
80   0   0       0       0       2       0      0      0       1       0       1       2    1
80   0   0       0       1       1       0      1      0       0       1       1       1    0
