 1  75  83  83      275      289      307      290      -1      78   6   5      270      277      282      335  65  94
 1  77  77  84      234      270      261      247      -1      64   4   5      252      252      232      256  79  88
 2 251 244 269      343      383      364      371     184     173  15   4      298      369      335      366 254 245
 2  -1 235 255      368      382      372      378     184     165  17  10      321      343      328      363 230 245
 3   0   1   0        6        9        7        3       0       0   0   0        8        7        3        7   0   0
 3   0   0   0        9        8        4        4       0       1   0   0        7        7        9        6   0   0
 4 739 767 693 10362880 10477568 10493952 10493952 1260544 1215488 718 711 10379264 10428416 10379264 10362880 499 411
 4 697 739 712 10444800 10543104 10559488 10559488 1266688 1223680 703 699 10444800 10493952 10444800 10428416 496 435
 5   0   0   0        2        0        0        0       0       0   0   0        0        0        0        0   0   0
 5   0   0   0        0        1        0        1       0       0   0   0        0        0        1        1   0   0
 6   0   0   0        0        0        0        0       0       0   0   0        0        0        0        1   0   0
 6   0   0   0        1        0        0        1       0       0   0   0        0        0        0        1   0   0
 7   0   0   0        0        1        0        0       0       0   0   0        0        0        0        0   0   0
 7   0   0   0        1        0        0        0       0       0   0   0        1        0        1        0   0   0
 8   0   0   0       19       13       20       12      41      28   0   0       13       12       16        9   0   0
 8   0   0   0       23       11       15       17      34      33  -1   0       15       11       14       10   0  -1
 9   0   0   0        0        0        0        0       0       0   0   0        0        0        2        0   0   0
 9   0   0   0        0        0        0        0       0       0   0   0        0        0        0        0   0   0
10   0   0   0        0        0        1        0       0       0   0   0        0        0        0        1   0   0
10   0   0   0        0        0        0        0       0       0   0   0        0        0        0        0   0   0
11   0   0   0        0        1        0        0       0       0   0   0        0        0        0        0   0   0
11   0   0   0        1       -1        0        0       0       0   0   0        0        0        0        0   0   0
12  10   8  10       41       37       32       34       0       0   0   0       32       23       33       31   4   0
12  -1  10   7       45       41       34       29       0       0   0   0       26       31       23       34   5   3
13  24  24  15      126       89       82       99       4       4   0   0       71       75       89       81  10  10
13  16  17  22      116       87      116       94       4       5   0   0       65       79       85       74   6   9
14  36  53  60      292      257      271      288      35      31   0   0      215      261      274      295  27  31
14  51  53  71      280      247      229      241      44      33   1   3      236      238      266      279  17  20
15 379 370 385     2578     2146     2150     2210     566     518  38  32     1881     1945     2178     2202 159 161
15 393 381 416     2466     2206     2154     2078     600     456  33  42     1881     1947     2178     2186 142 143
16 507 546 556     7372     8060     8108     8360    2594    2462 141 145     8156     8360     9064     8888 388 416
16 526 522 580     7348     8012     8360     8280    2718    2446 123 145     8232     8520     8872     8712 461 397
17  66  73  65     5676     7676     7908     8280    3470    3354 854 854     8440     8520     8872     8680 343 305
17  76  55  76     5844     7676     8092     8296    3398    3446 918 926     8424     8504     8968     8968 376 315
18  98  78  84      127      107      100      109      31      38   7   5      113      105      122      117  82 103
18  78  82  88      101       78       99      108      39      27  11   7      110      114      147      119  84  86
19   5   9   4        6        7        9       12       5       6   0   0       10       13       11        6   1   3
19   2  11   3        8        8       10       11      11      12   0   0        9        8        7        8   5  11
20   1   1   1        7        4        5        3       1       0   0   0        6        4        3        1   0   2
20   0   0   0        3        3        3        2       0       0   0   0        5        4        6        2   0   2
21   0   0   0        0        0        2        0       0       0   0   0        0        1        0        0   0   0
21   0   0   0        0        0        1        0       0       0   0   0        0        0        0        1   0   0
22   0   1   0        1        0        0        1       0       0   0   0        0        0        0        0   0   0
22   0   0   0        1        1        0        0       0       0   0   0        1        2        1        1   0   0
23   0   0   0        2        5        2        5       4       5   3   2        2       10        3        4   0   0
23   0   1   1        5        0        2        6       7       5   3   5        2        1        5        5   1   0
24   1   1   0        2        1        3        2       0       0   0   0        1        1        1        0   0   2
24   0   0   0        1        0        1        1       0       0   0   0        0        0        1        3   0   0
25   2   2   2        3        3        6        5       0       1   0   0        5        4        5        3   3   1
25   3   0   5        4        3        8        3       0       0   0   0        5        5        3        1   0   3
26  13  10  16       21       27       18       21       7       6   2   0       20       24       38       26  11   7
26  13  13  21       21       21       28       19      -1      12   1   0       31       21       32       48   7   4
27  18  19  12       34       29       35       33      23      11   0   0       27       34       48       41  19  14
27  20  23  19       41       30       37       44      15      18   0   1       31       25       44      274  16  18
28  64  65  77      266      279      291      256     106      87  14  16      237      251      287      256  59  64
28  82  72  82      257      278      242      269      98      80  12   5      248      230      274       37  60  59
29  16  13  13       31       21       27       22      15      13   2   1       19       29       37       35  12  14
29   6  20  13       29       29       32       43      14      14   2   3       23       28       40       46  12   5
30   4  18  16       26       26       29       29      15       8   3   7       26       28       40       44  13   5
30  15  14  12       27       37       45       22      14       6   0   8       25       19       26        3   7   7
31   2   0   1        3        1        0        2       0       0   0   0        1        1        3        0   0   0
31   0   0   1        3        1        1        0       1       1   0   0        1        3        0       27   0   1
32   1   3   1       12       12       15       23       5       2   1   0       14       25       18       18   0   0
32   0   0   1       32       27       16       17       5       4   0   0       16       20       23        0   2   1
33   0   0   0        0        1        1        0       1       0   0   0        0        2        0        1   0   0
33   0   0   0        0        0        0        0       0       0   0   0        1        0        0        0   0   0
34   0   0   0        0        0        3        0       0       0   0   1        0        1        0        1   0   0
34   0   0   0        0        1        0        0       0       1   0   0        1        0        0        0   0   0
35   0   0   0        0        0        0        0       1       0   0   0        0        0        0        0   0   1
35   0   1   0        4        1        1        0       1       1   0   0        0        0        0        0   0   0
36   0   1   0        0        1        0        0       0       0   0   0        0        2        0        0   0   0
36   0   0   0        1        0        0        0       0       0   0   0        1        0        0        0   0   1
37   0   0   0        0        3        1        0       1       1   0   0        1        0        0        0   1   1
37   0   0   0        0        0        1        0       0       0   0   0        0        0        1        0   1   0
38   0   0   0        0        0        0        0       0       0   0   0        1        2        3        1   0   1
38   1   0   0        2        0        1        0       0       0   1   0        1        0        1        5   0   0
39   2   0   1        4        1        8        5       3       0   1   3        7        2        7        3   1   1
39   1   1   1        0        7        8        3       5       4   5   3        2        4        5       -1   2   1
40   2   3   2       17       17       17       23       3       6   1   0       13       12       20       22   1   2
40   1   3   3       26       15       27       12       6       5   1   0       15       20       19       17   2   2
41   4   1   4        1        1        3        3       1       1   0   0        3        3        4        4   3   4
41   1   1   2        6        2        3        3       2       3   1   0        4        3        9        6   4   2
42   2   1   0        4        4        4        1       1       0   0   0        2        2        2        6   0   0
42   0   1   1        2        6        0        1       2       3   0  -1        2        1        3        2   2   0
43   1   1   1        2        1        2        3       1       1   0   0        3        5        2        5   0   2
43   4   3   2        6        3        5        2       1       0   0   0        0        1        6        3   2   1
44  10  18  13       22       17       17       17       9       9   3   2       16       24       10       14   6  15
44   5  14   7       15       14       19       15       5       5   1   0        9       10       19       20  10  11
45   0   0   0        0        0        0        1       0       1   0   0        0        0        0        2   0   1
45   0   0   0        0        0        2        1       0       0   0   0        0        2        0        0   0   0
46   0   0   0        0        1        0        0       0       0   0   0        0        0        0        1   0   0
46   0   0   0        0        0        0        0       0       0   0   0        0        0        0        0   0   0
47   0   0   0        2        2        0        1       0       0   0   0        0        0        0        0   0   0
47   0   0   0        0        0        0        1       0       0   0   0        0        0        0        2   0   0
48   0   0   0        0        0        0        0       0       0   0   0        0        0        0        0   0   0
48   0   0   0        1        0        0        0       0       0   0   0        0        0        1        0   0   0
49   0   0   0        0        0        1        1       0       0   0   0        0        0        2        1   0   0
49   0   0   0        1        0        1        1       0       1   0   0        0        0        1        2   0   0
50   0   0   0        0        0        0        0       0       0   0   0        0        1        2        0   0   0
50   0   0   0        0        0        0        0       0       0   0   0        2        0        0        0   0   0
