  1 124 1602560 1586176  52768
  1 114 1610752 1598464  52704
  2 476 6868992 6262784 337152
  2 517 6893568 6279168 338176
  3   0    1895    1099     43
  3   0    1927    1327     40
  4   4 1326080   97728      4
  4  10 1330176   97344      5
  5   0      38      28      1
  5   0      39      23      0
  6   0       0       0      0
  6   0       1       0      0
  7   0       0       0      0
  7   0       1       0      0
  8   0       0       0      0
  8   0       0       0      0
  9   0       0       0      0
  9   0       0       0      0
 10   0      13       0      0
 10   0      17       0      0
 11   0       1       0      0
 11   0       0       0      0
 12   4      78       1      0
 12   6      61       2      0
 13  13     196      19      0
 13  27     191      21      0
 14  58     565     205      3
 14  46     518     199      8
 15 417    4684    3410    228
 15 416    4612    3346    243
 16 539    5772    5044    612
 16 582    5876    4892    644
 17  10      74      43      5
 17  12      84      57      6
 18   5      50      23      4
 18   9      45      18      2
 19   5      14      12      0
 19   8      14      15      0
 20   0    7028     363      0
 20   1    6708     364      0
 21   0      18       0      0
 21   0      10       0      0
 22   0     391      36      0
 22   0     398      49      0
 23   0       0       1      0
 23   0       0       1      2
 24   0      10       0      0
 24   1       2       0      0
 25   2      34       1      0
 25   4      42       0      0
 26  23     214     102      3
 26  22     262     115      2
 27  39     404     269      6
 27  30     404     271      7
 28 132    2534    1781    198
 28 152    2450    1761    215
 29  32     401     352     49
 29  29     345     337     43
 30  14     271     268     67
 30  15     248     229     84
 31   0       5       7      3
 31   1       3       8      3
 32   0      86      54      5
 32   0     107      51      4
 33   0       0       0      0
 33  -1       0       0      0
 34   0       2       1      0
 34   0       2       1      0
 35   0       0       5      0
 35   3       0       1      0
 36   0      55      29      1
 36   1      66      24      2
 37   2      10       0      0
 37   2       9       1      0
 38   3      44      11      1
 38   2      36      11      0
 39   9     116      63      2
 39   8     119      65      1
 40   3   22480   13000    288
 40   3      -1   13080    270
 41  10     801     124     18
 41   5     761     123     15
 42   8    3158      82     23
 42   2    3190      75     42
 43   9     988      80     27
 43   9     945      99     15
 44  19     162      91     11
 44  29     159      87     25
 45   0       9       3      2
 45   0       5       3      0
 46   0       1       0      0
 46   0       0       0      0
 47   0       0       0      0
 47   0       0      -1      0
 48   0       0       0      0
 48   0       1       0      0
 49   0       1       0      0
 49   3       3       0      0
 50   0       4       1      0
 50   0       4       0      0
 51   0       3       3      0
 51   1       5       1      0
 52   1       2       1      0
 52   0       5       2      0
 53   0       2       0      0
 53   0       5       2      1
 54   0       0       1      1
 54   0       3       2      0
 55   0      16      11      2
 55   1      23      13      3
 56   0      17      25     13
 56   0      14      13      6
 57   0       2       5      2
 57   0       9       5      3
 58   0       9       4      2
 58   1       2       3      4
 59   0       0       0      0
 59   0       0       1      0
 60   0       0       0      0
 60   0       0       0     -1
 61   0       1       0      0
 61   0       0       0      0
 62   0       8       0      0
 62   0       9       0      0
 63   0       7       1      0
 63   0      14       0      0
 64   0     255       0      0
 64   0     314       0      0
 65   0     410       0      0
 65   0     392       0      0
 66   0    2470       0      0
 66   0    2546       2      1
 67   1     901       6      2
 67   1     935       4      1
 68   1     746       3      1
 68   1     776       2      0
 69   0       0       1      1
 69   2       3       2      0
 70   0       0       2      1
 70   0       3       5      1
 71   0       1       0      1
 71   0       0       0      1
 72   0       1       2      0
 72   0       2       1      2
 73   0       0       0      0
 73   0       0       0      0
 74   0       0       0      0
 74   0       1       0      0
 75   0       2       0      0
 75   0       0       0      0
 76   0       2       1      0
 76   0       0       0      0
 77   0       1       1      0
 77   0       1       1      0
 78   0     115      66      9
 78   0      97      69     11
 79   0       2       1      0
 79   1       2       1      0
 80   0     545     374     40
 80   0     561     403     51
 81   0       0       0      0
 81   0       0       1      0
 82   0    3002    2118    215
 82   0    2962    2234    210
 83   0    2666    1961    185
 83   0    2766    1967    172
 84   1   13928    9352    845
 84   0   14088    9640    888
 85   0       5       3      0
 85   0       2       2      0
 86   0    4756    3118    311
 86   0    4804    3250    289
 87   0       0       1      0
 87   0       0       1      0
 88   0       0       0      0
 88   0       0       0      0
 89   0       0       0      0
 89   0       0       0      0
 90   0       1       0      0
 90   0       1       0      0
 91   0       2       3      1
 91   0       3       3      0
 92   0       1       2      1
 92   1       1       1      2
 93   0       0       0      0
 93   0       0       0      0
 94   0       0       0      0
 94   0       0       0      0
 95   0       0       0      0
 95   0       0       0      0
 96   0       1       1      0
 96   0       0       0      0
 97   0       0       0      0
 97   0       0       0      0
 98   0       0       1      0
 98   0       0       0      0
 99   0       0       0      0
 99   0       0       0      0
100   0       0       0      0
100   0       0       0      0
101   0       0       0      0
101   0       0       0      0
102   0       0       0      0
102   0       0       0      0
103   0       0       0      0
103   0       0       0      0
104   0       0       0      0
104   0       0       0      0
105   0       0       0      0
105   0       0       0      0
106   0       0       0      0
106   0       1       0      0
107   0       0       0      0
107   0       0       0      0
108   0       1       0      0
108   0       0       0      0
109   0       0       0      0
109   0       0       0      0
110   0       0       0      0
110   0       0       0      0
111   0       0       0      0
111   0       0       0      0
112   0       0       0      0
112   0       0       0      0
113   0       0       0      0
113   0       0       0      0
114   0       0       0      0
114   0       0       0      0
115   0       0       0      0
115   0       0       0      0
116   0       0       0      0
116   0       0       0      0
117   0       0       0      0
117   0       0       0      0
118   0       0       0      0
118  -1       0       0      0
119   0       0       0      0
119   0       0       0      0
120   0       0       0      0
120   0       0       0      0
121   0       0       0      0
121   0       0       0      0
122   0       0       0      0
122   0       0       0      0
123   0       0       0      1
123   0       0       0      0
124   0      38      19      4
124   0      28      21      5
125   0       0       1      0
125   0       0       0      0
126   0      25      23      4
126   0      24      21      4
127   0       3       5      2
127   0       2       7      0
128   0     607     603    113
128   0     642     582    129
129   1    8920    7788   1691
129   0    8728    7788   1723
130   1    1459    1012    202
130   0    1023    1029    215
131   0    5708    6100   1163
131   0    7196    6164   1411
132   0    8568    7676   1645
132   0    8440    7860   1589
133   0      14       2      2
133   0      13      17      2
134   0    2814    2654    452
134   0    2742    2582    472
135   0      23      43      8
135   0      30      37      5
136   0    2366    2286    434
136   0    2522    2350    416
137   0       0       0      0
137   0       0       0      0
138   0       0       0      0
138   0       0       0      0
139   0       0       0      0
139   0       0       0      0
140   0       1       0      0
140   0       0       0      0
141   0       0       0      0
141   0       0       0      0
142   0       0       0      0
142   0       0       0      0
143   0       0       0      0
143   0       0       0      0
144   0       0       0      0
144   0       0       0      0
145   0       0       0      0
145   0       0       0      0
146   0       0       0      0
146   0       0       0      0
147   0       0       0      0
147   0       0       0      0
148   0       0       0      0
148   0       0       0      0
149   0       0       0      0
149   0       0       0      0
150   0       0       0      0
150   0       0       0      0
