 1 207  252  230 1498112 1522688 1405952 1428480  47392  46240 1592320 1627136 1612800 1643520  824  686
 1 250  226  234      -1 1526784 1416192 1442816  47392  46944 1598464 1633280 1614848 1645568  830  627
 2 887  851  917 6467584 6524928 5558272 5517312 302848 297728 6541312 6590464 6574080 6598656 3330 2610
 2 861  949  922 6475776 6541312 5582848 5541888 303360 299264 6565888 6623232 6598656 6623232 3366 2522
 3   0    0    0    1859    1809     882     866     47     44    1921    1845    1889    1905    2    7
 3   0    0    1    1787    1799     907     902     43     41    1823    1825    1859    1737    2    8
 4 212  233  242 3221504 3266560  273152  269568     25     26 3196928 3225600 3225600 3225600  152  128
 4 230  241  196 3237888 3282944  273152  269568     29     24 3217408 3246080 3241984 3241984  161  110
 5   0    0    0     102     102      45      60      4      0      78      92      86      92    0    0
 5   0    0    0      86      98      65      62      2      1     122     105      85      90    0    0
 6   0    0    0       0       0       0       0      0      0       1       0       0       0    0    0
 6   0    0    0       0       0       0       0      0      0       2       0       0       1    0    0
 7   0    0    0       0       0       0       0      0      0       3       0       0       0    0    0
 7   0    0    0       0       0       0       0      0      0       1       1       2       0    0    0
 8   0    0    0       0       0       0       3      0      0       0       1       0       0    0    0
 8   0    0    0       0       1       1       0      0      0       0       0       0       0    0    0
 9   0    0    0       0       0       0       0      0      0       0       0       0       0    0    0
 9   0    0    0       0       0       0       0      0      0       0       0       1       0    0    0
10   0    0    0       0       0       0       0      0      0       0       0       0       0    0    0
10   0    0    0       0       0       0       0      0      0       0       0       0       0    0    0
11   0    0    0       1       0       0       0      0      0       0       0       0       0    0    0
11   0    0    0       0       1       0       0      0      0       0       0       0       0    0    0
12   7   17   12     640     767       5       3      0      0     871     822     785     837   20   15
12  17   16   10     655     761       4       6      0      0     788     804     783     883   18   18
13  34   45   47    1943    2278      83      90      0      0    2398    2526    2326    2626   59   56
13  41   42   53    1889    2298      99      81      0      0    2370    2422    2306    2618   65   50
14 108  120  128    6556    8068     907     945     17     14    8840    9432    8936    9768  181  140
14  84   87  135    6892    8328     928     901      9     15    9192    8984    9160    9784  163  148
15 742  841  982   24144   27568   18576   18768   1095   1417   29104   29392   24528   30704  985  846
15 709  842  956   23728   27568   18768   18832   1365   1403   28912   29680   24528   30800  952  871
16 983 1097 1553   22544   24944   19152   19504   2810   2898   25904   26064   18704   26800  948  916
16 944 1201 1579   22768   25264   19536   19696   2894   2910   26096   26128   18736   26384 1010  927
17  16   10   24     244     288     185     191     28     24     305     279     248     328   39   27
17  19   14   23     252     261     188     176     35     25     285     276     229     318   34   40
18  16   24   46      58      45      23      36      7      6      76      81      90      91   84  103
18  14   33   32      54      49      36      25      7      5      74      58     128     113   82   91
19  16   15    7     517     531      15       7      1      2     590     644     710     639   89   71
19   4    7   10     514     533      13      17      1      0     612     680     700     705   90   74
20   3    4    1     355     361       0       0      0      0     419     430     419     448   48   20
20   2    1    1     393     371       0       0      0      0     445     407     444     477   49   34
21   0    0    0       5       5       0       0      0      0       1      11       5       8    0    1
21   0    0    0       7       3       0       0      0      0       4       6       8       6    3    0
22   0    0    0       1       1       0       0      0      0       0       0       3       1    0    0
22   0    0    1       0       0      -1       0      0      0       2       1       1       2    0    0
23   0    0    0       1       0       0       2      2      0       0       1       1       2    0    0
23   0    0    0       1       1       0       0      1      2       1       2      -1       2    0    1
24   1    1    3     876    1057       0       0      0      0    1121    1004    1081    1133    9    5
24   0    0    1     891    1023       0       0      0      0    1045    1165    1373    1163    6    5
25   8    1    6    4844    5804      19      19      0      0    6076    6268    6380    6860   38   38
25   5    8    5    4956    5652      18      14      0      0    6020    6196    6724    6844   48   27
26  45   44   46   30544   36256   13704   13832    308    314   38496   39520   42080   42528  362  290
26  39   41   51   30736   36320   13592   13832    317    310   38880   39328   42208   42016  370  306
27  92  113   99   57696   62112   38816   39584    844    824   67136   68416   73280   73536 1799 1515
27  98  104  110   57568   61664   39008   39520    820    792   67776   68672   73280   74304 1825 1485
28 301  298  283  180608  206976  180864  180864  30768  30640  219776  224128  234624  236672 3162 2606
28 302  300  300  181120  208000  180352  181888  30704  30672  220800  223360  236160  237696 3102 2638
29 159  161  139   59616   67008   55456   56416   7588   7500   74176   75712   80960   81600 4396 3438
29 173  139  151   59616   66752   55840   56096   7620   7596   74176   75200   81088   81600 4308 3422
30  34   43   37   52128   60000   49120   49056  11816  11480   63264   64608   68800   69568  224  185
30  38   39   34   52064   59936   49568   49568  11608  11800   63584   64672   68672   69312  217  181
31   3    2    1     985    1441    1003    1041    245    229    1569    1297    1587    1597    7    8
31   0    3    0    1000    1431     973     920    235    215    1227    1543    1297    1653    3    6
32   2   10    8      48      45      33      35      5      1      64      60      55      68    8   12
32   9   10    6      60      69      25      35      1      2      70      55      55      54    7    4
33   1    0    2       6       2       2       3      0      0       6       6       4       1    2    0
33   1    2    0       3       3       2       0      0      0       3       1       3       0    3    0
34   1    0    2      12      10       5       7      3      2      11       7      13      14    2    1
34   0   -1    2      14       5       7      12      6      4      11      13      11      10    4    4
35   0    0    0       0       1       1       2      0      0       0       0       1       0    0    0
35   0    0    0       3       0       0       1      0      0       2       1       2       2    0    0
36   0    0    1     118     147       1       5      0      0     177     179     150     161   16   14
36   1    1    1     121     127       1       1      1      0     142     144     167     174   21   14
37   2    1    4     867     873      16      21      0      0     948     955    1059    1279  112   94
37   4    3    3     854     847      16      19      0      0    1087     950    1261    1101  112   80
38   6    5    6    1641    1633      80      88      0      0    1795    1863    1891    2019  192  143
38   7    5    7    1599    1671      84      92      1      1    1869    1823    1961    1977  197  153
39  28   24   17    5236    5636    2450    2506     58     40    6108    5988    6452    6764  592  469
39  23   31   26    5308    5572    2458    2462     31     45    6020    6140    6500    6716  635  482
40  15   22    9    2318    2290    1655    1639    100    114    2438    2482    2478    2390   98   70
40  18   18   19    2278    2394    1547    1573     93    103    2458    2466    2422    2458   89   78
41  25   26   29    7332    7452    5684    5604    505    560    7820    8108    8408    8760  551  515
41  30   30   25    7340    7540    5740    5676    488    483    8216    8092    8424    8616  551  419
42  14   19    9    3974    4228    3278    3398    896    884    4116    4308    4476    4484  183  166
42  12   14   12    4018    4204    3446    3362    850    864    4268    4404    4420    4452  214  184
43  44   47   30    7060    7612    6780    7084   1599   1571    8424    8600    9432    9528 1055  816
43  41   39   28    7140    7524    6492    6980   1589   1591    8280    8408    9320    9544  927  835
44  55   53   53    8264    9208    7644    7756   1885   1925   10296   10344   11304   11624 1525  994
44  51   47   41    8392    8984    7796    7908   1943   1945   10280   10552   11336   11368 1551 1265
45   1    0    1     236     313     363     357     81     84     495     497     545     540   74   55
45   1    5    2     242     341     347     373    100     89     484     467     589     526   79   62
46   0    0    0       5       7       4       7      0      1       9       8       9       8    0    1
46   0    0    1       4       4       7       6      1      1       5       5      13      14    0    3
47   0    0    0       1       0       0       1      0      0       2       0       0       0    0    0
47   0    0    0       0       0       0       1      0      0       0       2       1       0    0    0
48   0    0    1       0       0       0       0      0      0       0       1       3       1    0    1
48   0    0    0       1       0       0       0      0      0       0       1       0       2    0    0
49   0    0    0       9       3       0       0      0      0       7       7       5       5    0    0
49   0    0    1       4       2       0       0      0      0      10       5       8       6    0    0
50   0    0    0      29      21       0       1      0      0      24      19      19      18    1    1
50   0    1    0      18      22       1       2      0      0      20      15      23      17    0    1
