30.1600  0.0  16.000 98.747  0.0  0.0  0.0  6.41 359.468 0.0  0.0  0.0  
50.4700  0.0  14.031 95.168  0.0  0.0  0.0  6.41   0.0   0.0  0.0  0.0  
71.1400  0.0  12.098 91.866  0.0  0.0  0.0  6.41   0.0   0.0  0.0  0.0  
91.2600  0.0  10.281 88.709  0.0  0.0  0.0  6.41   0.0   0.0  0.0  0.0  
112.200  0.0  8.4539 85.822  0.0  0.0  0.0  6.41   0.0   0.0  0.0  0.0  
134.400  0.0  6.5777 83.206  0.0  0.0  0.0  6.41   0.0   0.0  0.0  0.0  
157.460  0.0  4.6867 80.797  0.0  0.0  0.0  6.41   0.0   0.0  0.0  0.0  
181.320  0.0  2.7856 78.558  0.0  0.0  0.0  6.41   0.0   0.0  0.0  0.0  
202.420  0.0  1.1529 76.204  0.0  0.0  0.0  6.41   0.0   0.0  0.0  0.0  
230.080  0.0 -0.9304 74.431  0.0  0.0  0.0  6.41   0.0   0.0  0.0  0.0  
256.600  0.0 -2.8804 72.625  0.0  0.0  0.0  6.41   0.0   0.0  0.0  0.0  
280.660  0.0 -4.6047 70.712  0.0  0.0  0.0  6.41   0.0   0.0  0.0  0.0  
307.910  0.0 -6.5093 69.068  0.0  0.0  0.0  6.41   0.0   0.0  0.0  0.0  
336.480  0.0 -8.4607 67.541  0.0  0.0  0.0  6.41   0.0   0.0  0.0  0.0  
366.290  0.0 -10.453 66.114  0.0  0.0  0.0  6.41   0.0   0.0  0.0  0.0  
397.940  0.0 -12.525 64.807  0.0  0.0  0.0  6.41   0.0   0.0  0.0  0.0  
427.590  0.0 -14.426 63.416  0.0  0.0  0.0  6.41   0.0   0.0  0.0  0.0  
458.610  0.0 -16.373 62.120  0.0  0.0  0.0  6.41   0.0   0.0  0.0  0.0  
489.440  0.0 -18.268 60.834  0.0  0.0  0.0  6.41   0.0   0.0  0.0  0.0  
521.220  0.0 -20.182 59.614  0.0  0.0  0.0  6.41   0.0   0.0  0.0  0.0  
554.130  0.0 -22.125 58.452  0.0  0.0  0.0  6.41   0.0   0.0  0.0  0.0  
587.970  0.0 -24.084 57.341  0.0  0.0  0.0  6.41   0.0   0.0  0.0  0.0  
621.920  0.0 -26.012 56.249  0.0  0.0  0.0  6.41   0.0   0.0  0.0  0.0  
655.710  0.0 -27.894 55.161  0.0  0.0  0.0  6.41   0.0   0.0  0.0  0.0  
690.810  0.0 -29.812 54.130  0.0  0.0  0.0  6.41   0.0   0.0  0.0  0.0  
727.860  0.0 -31.800 53.168  0.0  0.0  0.0  6.41   0.0   0.0  0.0  0.0  
765.180  0.0 -33.767 52.219  0.0  0.0  0.0  6.41   0.0   0.0  0.0  0.0  
804.090  0.0 -35.781 51.320  0.0  0.0  0.0  6.41   0.0   0.0  0.0  0.0  
843.870  0.0 -37.805 50.453  0.0  0.0  0.0  6.41   0.0   0.0  0.0  0.0  
883.850  0.0 -39.805 49.578  0.0  0.0  0.0  6.41   0.0   0.0  0.0  0.0  
923.860  0.0 -41.771 48.714  0.0  0.0  0.0  6.41   0.0   0.0  0.0  0.0  
965.700  0.0 -43.792 47.898  0.0  0.0  0.0  6.41   0.0   0.0  0.0  0.0  
1007.20  0.0 -45.759 46.906  0.0  0.0  0.0  6.41   0.0   0.0  0.0  0.0  
1050.87  0.0 -47.790 46.093  0.0  0.0  0.0  6.41   0.0   0.0  0.0  0.0  
1094.42  0.0 -49.780 45.284  0.0  0.0  0.0  6.41   0.0   0.0  0.0  0.0  
1146.38  0.0 -52.116 44.632  0.0  0.0  0.0  6.41   0.0   0.0  0.0  0.0  
1183.98  0.0 -53.777 43.751  0.0  0.0  0.0  6.41   0.0   0.0  0.0  0.0  
1231.03  0.0 -55.819 43.029  0.0  0.0  0.0  6.41   0.0   0.0  0.0  0.0  
1277.67  0.0 -57.809 42.319  0.0  0.0  0.0  6.41   0.0   0.0  0.0  0.0  
1327.03  0.0 -59.881 41.641  0.0  0.0  0.0  6.41   0.0   0.0  0.0  0.0  
1374.64  0.0 -61.848 40.956  0.0  0.0  0.0  6.41   0.0   0.0  0.0  0.0  
1424.42  0.0 -63.870 40.306  0.0  0.0  0.0  6.41   0.0   0.0  0.0  0.0  
1475.40  0.0 -65.909 39.676  0.0  0.0  0.0  6.41   0.0   0.0  0.0  0.0  
1527.70  0.0 -67.968 39.066  0.0  0.0  0.0  6.41   0.0   0.0  0.0  0.0  
1581.00  0.0 -70.035 38.473  0.0  0.0  0.0  6.41   0.0   0.0  0.0  0.0  
1632.53  0.0 -72.001 37.855  0.0  0.0  0.0  6.41   0.0   0.0  0.0  0.0  
1686.76  0.0 -74.039 37.282  0.0  0.0  0.0  6.41   0.0   0.0  0.0  0.0  
1741.00  0.0 -76.045 36.705  0.0  0.0  0.0  6.41   0.0   0.0  0.0  0.0  
1796.76  0.0 -78.076 36.149  0.0  0.0  0.0  6.41   0.0   0.0  0.0  0.0  
1854.47  0.0 -80.147 35.614  0.0  0.0  0.0  6.41   0.0   0.0  0.0  0.0  
1912.64  0.0 -82.203 35.088  0.0  0.0  0.0  6.41   0.0   0.0  0.0  0.0  
1968.70  0.0 -84.155 34.543  0.0  0.0  0.0  6.41   0.0   0.0  0.0  0.0  
2028.52  0.0 -86.213 34.263  0.0  0.0  0.0  6.41   0.0   0.0  0.0  0.0  
2089.50  0.0 -88.292 33.918  0.0  0.0  0.0  6.41   0.0   0.0  0.0  0.0  
2150.53  0.0 -90.351 33.561  0.0  0.0  0.0  6.41   0.0   0.0  0.0  0.0  
2211.20  0.0 -92.376 33.185  0.0  0.0  0.0  6.41   0.0   0.0  0.0  0.0  
2273.76  0.0 -94.440 32.810  0.0  0.0  0.0  6.41   0.0   0.0  0.0  0.0  
2337.28  0.0 -96.512 32.429  0.0  0.0  0.0  6.41   0.0   0.0  0.0  0.0  
2399.44  0.0 -98.515 32.020  0.0  0.0  0.0  6.41   0.0   0.0  0.0  0.0  
2464.20  0.0 -100.58 31.614  0.0  0.0  0.0  6.41   0.0   0.0  0.0  0.0  
2525.32  0.0 -102.49 31.181  0.0  0.0  0.0  6.41   0.0   0.0  0.0  0.0  
2594.13  0.0 -104.63 30.775  0.0  0.0  0.0  6.41   0.0   0.0  0.0  0.0  
2659.24  0.0 -106.62 30.336  0.0  0.0  0.0  6.41   0.0   0.0  0.0  0.0  
2726.12  0.0 -108.63 29.902  0.0  0.0  0.0  6.41   0.0   0.0  0.0  0.0  
2796.84  0.0 -110.73 29.470  0.0  0.0  0.0  6.41   0.0   0.0  0.0  0.0  
2866.87  0.0 -112.78 29.031  0.0  0.0  0.0  6.41   0.0   0.0  0.0  0.0  
2938.12  0.0 -114.83 28.576  0.0  0.0  0.0  6.41   0.0   0.0  0.0  0.0  
3010.60  0.0 -116.88 28.122  0.0  0.0  0.0  6.41   0.0   0.0  0.0  0.0  
3085.00  0.0 -118.96 27.662  0.0  0.0  0.0  6.41   0.0   0.0  0.0  0.0  
3158.66  0.0 -120.98 27.189  0.0  0.0  0.0  6.41   0.0   0.0  0.0  0.0  
3233.64  0.0 -123.00 26.709  0.0  0.0  0.0  6.41   0.0   0.0  0.0  0.0  
3311.53  0.0 -125.06 26.232  0.0  0.0  0.0  6.41   0.0   0.0  0.0  0.0  
3389.30  0.0 -127.08 25.738  0.0  0.0  0.0  6.41   0.0   0.0  0.0  0.0  
3469.43  0.0 -129.13 25.245  0.0  0.0  0.0  6.41   0.0   0.0  0.0  0.0  
