   0.02     8.024  25  2
   0.02     8.024   4 24
   0.024   16.024  41  1
   0.024   16.024   4 24
   0.07    16.07    2  3
   0.07    16.07  255  4
   0.07    16.07   33  5
   0.07    16.07    2 25
   8.024   24.024  28  2
  16.023   32.023 817  1
  16.07    32.07    3  3
  16.07    32.07   24  4
  16.07    32.07   14  5
  16.07    32.07    2 25
  24.023   40.023 793  2
  24.023   40.023   3 24
  32.023   48.023 765  1
  32.023   48.023   3 24
  32.07    48.07    3  3
  32.07    48.07   21  4
  32.07    48.07   11  5
  32.07    48.07    2 25
  40.023   56.023 764  2
  48.023   64.023 764  1
  48.07    64.07    4  3
  48.07    64.07   17  4
  48.07    64.07   10  5
  48.07    64.07    2 25
  56.023   72.023 761  2
  56.023   72.023   3 24
  64.023   80.023 765  1
  64.023   80.023   3 24
  64.07    80.07    4  3
  64.07    80.07   22  4
  64.07    80.07   11  5
  64.07    80.07    2 25
  72.023   88.023 762  2
  80.023   96.023 762  1
  80.07    96.07    2  3
  80.07    96.07   22  4
  80.07    96.07   10  5
  80.07    96.07    2 25
   1.039   97.008   3 61
   1.039   97.008   5 62
   1.039   97.008  21 63
   1.039   97.008  90 64
   1.039   97.008 436 65
   1.039   97.008 111 66
   1.039   97.008  23 67
   1.039   97.008  37 68
   1.039   97.008   0 71
   1.039   97.008   4 72
   1.039   97.008  47 73
   1.039   97.008  73 74
  88.023  104.023 761  2
  88.023  104.023   3 24
  96.023  112.023 764  1
  96.023  112.023   3 24
  96.07   112.07    1  3
  96.07   112.07   21  4
  96.07   112.07   10  5
  96.07   112.07    2 25
 104.023  120.023 760  2
 112.023  128.023 763  1
 112.07   128.07    2  3
 112.07   128.07   20  4
 112.07   128.07   10  5
 112.07   128.07    2 25
 120.023  136.023 761  2
 120.023  136.023   3 24
 128.023  144.023 762  1
 128.023  144.023   3 24
 128.07   144.07    2  3
 128.07   144.07   19  4
 128.07   144.07   10  5
 128.07   144.07    2 25
 136.023  152.023 760  2
 144.023  160.023 762  1
 144.07   160.07    1  3
 144.07   160.07   22  4
 144.07   160.07   10  5
 144.07   160.07    2 25
 152.023  168.023 761  2
 152.023  168.023   3 24
 160.023  176.023 763  1
 160.023  176.023   3 24
 160.07   176.07    2  3
 160.07   176.07   20  4
 160.07   176.07   10  5
 160.07   176.07    2 25
 168.023  184.023 761  2
 176.023  192.023 763  1
 176.07   192.07    2  3
 176.07   192.07   20  4
 176.07   192.07   10  5
 176.07   192.07    2 25
  97.039  193.008   0 61
  97.039  193.008   2 62
  97.039  193.008  41 63
  97.039  193.008 249 64
  97.039  193.008 270 65
  97.039  193.008  16 66
  97.039  193.008   0 67
  97.039  193.008   0 68
  97.039  193.008   0 71
  97.039  193.008  11 72
  97.039  193.008  62 73
  97.039  193.008  79 74
 184.023  200.023 761  2
 184.023  200.023   3 24
 192.023  208.023 762  1
 192.023  208.023   3 24
 192.07   208.07    3  3
 192.07   208.07   19  4
 192.07   208.07   10  5
 192.07   208.07    2 25
 200.023  216.023 761  2
 208.023  224.023 762  1
 208.07   224.07    2  3
 208.07   224.07   18  4
 208.07   224.07   10  5
 208.07   224.07    2 25
 216.023  232.023 759  2
 216.023  232.023   3 24
 224.023  240.023 761  1
 224.023  240.023   3 24
 224.07   240.07    3  3
 224.07   240.07   20  4
 224.07   240.07   10  5
 224.07   240.07    2 25
 232.023  248.023 758  2
 240.023  256.023 761  1
 240.07   256.07    3  3
 240.07   256.07   20  4
 240.07   256.07   10  5
 240.07   256.07    2 25
 248.023  264.023 760  2
 248.023  264.023   3 24
 256.023  272.023 760  1
 256.023  272.023   3 24
 256.07   272.07    2  3
 256.07   272.07   20  4
 256.07   272.07   10  5
 256.07   272.07    2 25
 264.023  280.023 759  2
 272.023  288.023 762  1
 272.07   288.07    3  3
 272.07   288.07   19  4
 272.07   288.07   10  5
 272.07   288.07    2 25
 193.039  289.008   0 61
 193.039  289.008   0 62
 193.039  289.008  67 63
 193.039  289.008 289 64
 193.039  289.008 189 65
 193.039  289.008  12 66
 193.039  289.008   0 67
 193.039  289.008   0 68
 193.039  289.008   0 71
 193.039  289.008   1 72
 193.039  289.008  56 73
 193.039  289.008  85 74
 280.023  296.023 759  2
 280.023  296.023   3 24
 288.023  304.023 760  1
 288.023  304.023   3 24
 288.07   304.07    2  3
 288.07   304.07   18  4
 288.07   304.07   10  5
 288.07   304.07    2 25
 296.023  312.023 758  2
 304.023  320.023 761  1
 304.07   320.07    3  3
 304.07   320.07   19  4
 304.07   320.07   10  5
 304.07   320.07    2 25
 312.023  328.023 760  2
 312.023  328.023   3 24
 320.023  336.023 761  1
 320.023  336.023   3 24
 320.07   336.07    2  3
 320.07   336.07   20  4
 320.07   336.07   10  5
 320.07   336.07    2 25
 328.023  344.023 758  2
 336.023  352.023 761  1
 336.07   352.07    1  3
 336.07   352.07   20  4
 336.07   352.07   10  5
 336.07   352.07    2 25
 344.023  360.023 757  2
 344.023  360.023   3 24
 352.023  368.023 761  1
 352.023  368.023   3 24
 352.07   368.07    1  3
 352.07   368.07   20  4
 352.07   368.07   11  5
 352.07   368.07    2 25
 360.023  376.023 758  2
 368.023  384.023 760  1
 368.07   384.07    2  3
 368.07   384.07   20  4
 368.07   384.07   10  5
 368.07   384.07    2 25
 289.039  385.008   0 61
 289.039  385.008   1 62
 289.039  385.008  51 63
 289.039  385.008 288 64
 289.039  385.008 178 65
 289.039  385.008   7 66
 289.039  385.008   0 67
 289.039  385.008   0 68
 289.039  385.008   0 71
 289.039  385.008   6 72
 289.039  385.008  54 73
 289.039  385.008  78 74
 376.023  392.023 756  2
 376.023  392.023   3 24
 384.023  400.023 759  1
 384.023  400.023   3 24
 384.07   400.07    1  3
 384.07   400.07   20  4
 384.07   400.07   11  5
 384.07   400.07    2 25
 392.023  408.023 757  2
 400.023  416.023 759  1
 400.07   416.07    3  3
 400.07   416.07   20  4
 400.07   416.07   10  5
 400.07   416.07    2 25
 408.023  424.023 757  2
 408.023  424.023   3 24
 416.023  432.023 760  1
 416.023  432.023   3 24
 416.07   432.07    2  3
 416.07   432.07   21  4
 416.07   432.07   11  5
 416.07   432.07    2 25
 424.023  440.023 757  2
 432.023  448.023 759  1
 432.07   448.07    2  3
 432.07   448.07   21  4
 432.07   448.07   11  5
 432.07   448.07    2 25
 440.023  456.023 757  2
 440.023  456.023   3 24
 448.023  464.023 759  1
 448.023  464.023   3 24
 448.07   464.07    2  3
 448.07   464.07   21  4
 448.07   464.07   11  5
 448.07   464.07    2 25
 456.023  472.023 757  2
 464.023  480.023 759  1
 464.07   480.07    2  3
 464.07   480.07   20  4
 464.07   480.07   11  5
 464.07   480.07    2 25
 385.039  481.008   0 61
 385.039  481.008   1 62
 385.039  481.008  43 63
 385.039  481.008 259 64
 385.039  481.008 181 65
 385.039  481.008   8 66
 385.039  481.008   0 67
 385.039  481.008   0 68
 385.039  481.008   0 71
 385.039  481.008   4 72
 385.039  481.008  31 73
 385.039  481.008  69 74
 472.023  488.023 756  2
 472.023  488.023   3 24
 480.023  496.023 759  1
 480.023  496.023   3 24
 480.07   496.07    4  3
 480.07   496.07  179  4
 480.07   496.07   19  5
 480.07   496.07    2 25
 488.023  504.023 756  2
 496.023  512.023 758  1
 496.07   512.07   19  3
 496.07   512.07   42  4
 496.07   512.07   27  5
 496.07   512.07    2 25
 504.023  520.023 757  2
 504.023  520.023   3 24
 512.023  528.023 758  1
 512.023  528.023   3 24
 512.07   528.07   17  3
 512.07   528.07   35  4
 512.07   528.07   25  5
 512.07   528.07    2 25
 520.023  536.023 755  2
 528.023  544.023 759  1
 528.07   544.07   18  3
 528.07   544.07   33  4
 528.07   544.07   24  5
 528.07   544.07    2 25
 536.023  552.023 756  2
 536.023  552.023   3 24
 544.023  560.023 758  1
 544.023  560.023   3 24
 544.07   560.07   15  3
 544.07   560.07   33  4
 544.07   560.07   23  5
 544.07   560.07    2 25
 552.023  568.023 756  2
 560.023  576.023 758  1
 560.07   576.07   16  3
 560.07   576.07   33  4
 560.07   576.07   23  5
 560.07   576.07    2 25
 481.039  577.008   0 61
 481.039  577.008   1 62
 481.039  577.008  31 63
 481.039  577.008 227 64
 481.039  577.008 166 65
 481.039  577.008   6 66
 481.039  577.008   0 67
 481.039  577.008   0 68
 481.039  577.008   0 71
 481.039  577.008   0 72
 481.039  577.008   1 73
 481.039  577.008   3 74
 568.023  584.023 756  2
 568.023  584.023   3 24
 576.023  592.023 757  1
 576.023  592.023   3 24
 576.07   592.07   16  3
 576.07   592.07   35  4
 576.07   592.07   24  5
 576.07   592.07    2 25
 584.023  600.023 753  2
 592.023  608.023 756  1
 592.07   608.07   19  3
 592.07   608.07   37  4
 592.07   608.07   25  5
 592.07   608.07    2 25
 600.023  616.023 754  2
 600.023  616.023   3 24
 608.023  624.023 757  1
 608.023  624.023   3 24
 608.07   624.07   20  3
 608.07   624.07   37  4
 608.07   624.07   26  5
 608.07   624.07    2 25
 616.023  632.023 754  2
 624.023  640.023 756  1
 624.07   640.07   20  3
 624.07   640.07   38  4
 624.07   640.07   27  5
 624.07   640.07    2 25
 632.023  648.023 754  2
 632.023  648.023   3 24
 640.023  656.023 757  1
 640.023  656.023   3 24
 640.07   656.07   21  3
 640.07   656.07   37  4
 640.07   656.07   28  5
 640.07   656.07    2 25
 648.023  664.023 755  2
 656.023  672.023 755  1
 656.07   672.07   23  3
 656.07   672.07   38  4
 656.07   672.07   29  5
 656.07   672.07    2 25
 577.039  673.008   0 61
 577.039  673.008   2 62
 577.039  673.008  52 63
 577.039  673.008 275 64
 577.039  673.008 158 65
 577.039  673.008   6 66
 577.039  673.008   0 67
 577.039  673.008   0 68
 577.039  673.008   0 71
 577.039  673.008   0 72
 577.039  673.008   0 73
 577.039  673.008   0 74
 664.023  680.023 754  2
 664.023  680.023   3 24
 672.023  688.023 756  1
 672.023  688.023   3 24
 672.07   688.07   22  3
 672.07   688.07   40  4
 672.07   688.07   29  5
 672.07   688.07    2 25
 680.023  696.023 754  2
 688.023  704.023 755  1
 688.07   704.07   24  3
 688.07   704.07   40  4
 688.07   704.07   30  5
 688.07   704.07    2 25
 696.023  712.023 754  2
 696.023  712.023   3 24
 704.023  720.023 756  1
 704.023  720.023   3 24
 704.07   720.07   24  3
 704.07   720.07   41  4
 704.07   720.07   31  5
 704.07   720.07    2 25
 712.023  728.023 753  2
 720.023  736.023 754  1
 720.07   736.07   25  3
 720.07   736.07   42  4
 720.07   736.07   31  5
 720.07   736.07    2 25
 728.023  744.023 754  2
 728.023  744.023   3 24
 736.023  752.023 757  1
 736.023  752.023   3 24
 736.07   752.07   25  3
 736.07   752.07   43  4
 736.07   752.07   32  5
 736.07   752.07    2 25
 744.023  760.023 754  2
 752.023  768.023 755  1
 752.07   768.07   25  3
 752.07   768.07   43  4
 752.07   768.07   32  5
 752.07   768.07    2 25
 673.039  769.008   0 61
 673.039  769.008   1 62
 673.039  769.008  33 63
 673.039  769.008 224 64
 673.039  769.008 196 65
 673.039  769.008  10 66
 673.039  769.008   0 67
 673.039  769.008   0 68
 673.039  769.008   0 71
 673.039  769.008   0 72
 673.039  769.008   0 73
 673.039  769.008   0 74
 760.023  776.023 754  2
 760.023  776.023   3 24
 768.023  784.023 755  1
 768.023  784.023   3 24
 768.07   784.07   27  3
 768.07   784.07   42  4
 768.07   784.07   33  5
 768.07   784.07    2 25
 776.023  792.023 753  2
 784.023  800.023 755  1
 784.07   800.07   27  3
 784.07   800.07   44  4
 784.07   800.07   34  5
 784.07   800.07    2 25
 792.023  808.023 753  2
 792.023  808.023   3 24
 800.023  816.023 755  1
 800.023  816.023   3 24
 800.07   816.07   27  3
 800.07   816.07   44  4
 800.07   816.07   34  5
 800.07   816.07    2 25
 808.023  824.023 754  2
 816.023  832.023 756  1
 816.07   832.07   28  3
 816.07   832.07   73  4
 816.07   832.07   48  5
 816.07   832.07    2 25
 824.023  840.023 754  2
 824.023  840.023   3 24
 832.023  848.023 755  1
 832.023  848.023   3 24
 832.07   848.07   55  3
 832.07   848.07   73  4
 832.07   848.07   62  5
 832.07   848.07    2 25
 840.023  856.023 753  2
 848.023  864.023 755  1
 848.07   864.07   54  3
 848.07   864.07   73  4
 848.07   864.07   62  5
 848.07   864.07    2 25
 769.039  865.008   0 61
 769.039  865.008   1 62
 769.039  865.008  44 63
 769.039  865.008 257 64
 769.039  865.008 204 65
 769.039  865.008   5 66
 769.039  865.008   0 67
 769.039  865.008   0 68
 769.039  865.008   0 71
 769.039  865.008   0 72
 769.039  865.008   0 73
 769.039  865.008   0 74
 856.023  872.023 752  2
 856.023  872.023   3 24
 864.023  880.023 753  1
 864.023  880.023   3 24
 864.07   880.07   54  3
 864.07   880.07   73  4
 864.07   880.07   62  5
 864.07   880.07    2 25
 872.023  888.023 754  2
 880.023  896.023 756  1
 880.07   896.07   54  3
 880.07   896.07   73  4
 880.07   896.07   61  5
 880.07   896.07    2 25
 888.023  904.023 753  2
 888.023  904.023   3 24
 896.023  912.023 754  1
 896.023  912.023   3 24
 896.07   912.07   53  3
 896.07   912.07   72  4
 896.07   912.07   61  5
 896.07   912.07    2 25
 904.023  920.023 752  2
 912.023  928.023 755  1
 912.07   928.07   52  3
 912.07   928.07   72  4
 912.07   928.07   61  5
 912.07   928.07    2 25
 920.023  936.023 753  2
 920.023  936.023   3 24
 928.023  944.023 754  1
 928.023  944.023   3 24
 928.07   944.07   53  3
 928.07   944.07   74  4
 928.07   944.07   60  5
 928.07   944.07    2 25
 936.023  952.023 753  2
 944.023  960.023 756  1
 944.07   960.07   52  3
 944.07   960.07   70  4
 944.07   960.07   60  5
 944.07   960.07    2 25
 865.039  961.008   0 61
 865.039  961.008   0 62
 865.039  961.008  45 63
 865.039  961.008 269 64
 865.039  961.008 195 65
 865.039  961.008   8 66
 865.039  961.008   0 67
 865.039  961.008   0 68
 865.039  961.008   0 71
 865.039  961.008   0 72
 865.039  961.008   0 73
 865.039  961.008   0 74
 952.023  968.023 753  2
 952.023  968.023   3 24
 960.023  976.023 754  1
 960.023  976.023   3 24
 960.07   976.07   51  3
 960.07   976.07   69  4
 960.07   976.07   58  5
 960.07   976.07    2 25
 968.023  984.023 752  2
 976.023  992.023 754  1
 976.07   992.07   51  3
 976.07   992.07   69  4
 976.07   992.07   59  5
 976.07   992.07    2 25
 984.023 1000.023 753  2
 984.023 1000.023   3 24
 992.023 1008.023 754  1
 992.023 1008.023   3 24
 992.07  1008.07   49  3
 992.07  1008.07   69  4
 992.07  1008.07   57  5
 992.07  1008.07    2 25
1000.023 1016.023 753  2
1008.023 1024.023 756  1
1008.07  1024.07   49  3
1008.07  1024.07   68  4
1008.07  1024.07   56  5
1008.07  1024.07    2 25
1016.023 1032.023 752  2
1016.023 1032.023   3 24
1024.023 1040.023 754  1
1024.023 1040.023   3 24
1024.07  1040.07   47  3
1024.07  1040.07   66  4
1024.07  1040.07   55  5
1024.07  1040.07    2 25
1032.023 1048.023 754  2
1040.024 1056.024 755  1
1040.07  1056.07   45  3
1040.07  1056.07   65  4
1040.07  1056.07   53  5
1040.07  1056.07    2 25
 961.039 1057.008   0 61
 961.039 1057.008   0 62
 961.039 1057.008  48 63
 961.039 1057.008 275 64
 961.039 1057.008 193 65
 961.039 1057.008   5 66
 961.039 1057.008   0 67
 961.039 1057.008   0 68
 961.039 1057.008   0 71
 961.039 1057.008   0 72
 961.039 1057.008   0 73
 961.039 1057.008   0 74
1048.024 1064.024 752  2
1048.024 1064.024   3 24
1056.024 1072.024 754  1
1056.024 1072.024   3 24
1056.07  1072.07   43  3
1056.07  1072.07   62  4
1056.07  1072.07   51  5
1056.07  1072.07    2 25
1064.024 1080.024 752  2
1072.024 1088.024 755  1
1072.07  1088.07   43  3
1072.07  1088.07   62  4
1072.07  1088.07   50  5
1072.07  1088.07    2 25
1080.024 1096.024 754  2
1080.024 1096.024   3 24
1088.023 1104.023 755  1
1088.023 1104.023   3 24
1088.07  1104.07   40  3
1088.07  1104.07   62  4
1088.07  1104.07   49  5
1088.07  1104.07    2 25
1096.023 1112.023 751  2
1104.023 1120.023 755  1
1104.07  1120.07   39  3
1104.07  1120.07   58  4
1104.07  1120.07   47  5
1104.07  1120.07    2 25
1112.023 1128.023 753  2
1112.023 1128.023   3 24
1120.023 1136.023 755  1
1120.023 1136.023   3 24
1120.07  1136.07   36  3
1120.07  1136.07   56  4
1120.07  1136.07   44  5
1120.07  1136.07    2 25
1128.023 1144.023 752  2
1136.024 1152.024 755  1
1136.07  1152.07   32  3
1136.07  1152.07   54  4
1136.07  1152.07   43  5
1136.07  1152.07    2 25
1057.039 1153.008   0 61
1057.039 1153.008   0 62
1057.039 1153.008  57 63
1057.039 1153.008 276 64
1057.039 1153.008 236 65
1057.039 1153.008   6 66
1057.039 1153.008   0 67
1057.039 1153.008   0 68
1057.039 1153.008   0 71
1057.039 1153.008   0 72
1057.039 1153.008   0 73
1057.039 1153.008   0 74
1144.024 1160.024 752  2
1144.024 1160.024   3 24
1152.024 1168.024 755  1
1152.024 1168.024   3 24
1152.07  1168.07   33  3
1152.07  1168.07   52  4
1152.07  1168.07   41  5
1152.07  1168.07    2 25
1160.024 1176.024 753  2
1168.024 1184.024 755  1
1168.07  1184.07   33  3
1168.07  1184.07   53  4
1168.07  1184.07   40  5
1168.07  1184.07    2 25
1176.024 1192.024 753  2
1176.024 1192.024   3 24
1184.023 1200.023 756  1
1184.023 1200.023   3 24
1184.07  1200.07   30  3
1184.07  1200.07   48  4
1184.07  1200.07   38  5
1184.07  1200.07    2 25
1192.023 1208.023 753  2
1200.023 1216.023 755  1
1200.07  1216.07   28  3
1200.07  1216.07   47  4
1200.07  1216.07   36  5
1200.07  1216.07    2 25
1208.023 1224.023 753  2
1208.023 1224.023   3 24
1216.023 1232.023 756  1
1216.023 1232.023   3 24
1216.07  1232.07   28  3
1216.07  1232.07   45  4
1216.07  1232.07   34  5
1216.07  1232.07    2 25
1224.023 1240.023 755  2
1232.024 1248.024 756  1
1232.07  1248.07   22  3
1232.07  1248.07   43  4
1232.07  1248.07   32  5
1232.07  1248.07    2 25
1153.039 1249.008   0 61
1153.039 1249.008   0 62
1153.039 1249.008  32 63
1153.039 1249.008 235 64
1153.039 1249.008 229 65
1153.039 1249.008  13 66
1153.039 1249.008   0 67
1153.039 1249.008   0 68
1153.039 1249.008   0 71
1153.039 1249.008   0 72
1153.039 1249.008   0 73
1153.039 1249.008   0 74
1240.024 1256.024 753  2
1240.024 1256.024   3 24
1248.024 1264.024 756  1
1248.024 1264.024   3 24
1248.07  1264.07   23  3
1248.07  1264.07   43  4
1248.07  1264.07   30  5
1248.07  1264.07    2 25
1256.024 1272.024 753  2
1264.024 1280.024 755  1
1264.07  1280.07   18  3
1264.07  1280.07   40  4
1264.07  1280.07   29  5
1264.07  1280.07    2 25
1272.024 1288.024 754  2
1272.024 1288.024   3 24
1280.023 1296.023 756  1
1280.023 1296.023   3 24
1280.07  1296.07   19  3
1280.07  1296.07   39  4
1280.07  1296.07   27  5
1280.07  1296.07    2 25
1288.023 1304.023 754  2
1296.023 1312.023 755  1
1296.07  1312.07   18  3
1296.07  1312.07   37  4
1296.07  1312.07   25  5
1296.07  1312.07    2 25
1304.023 1320.023 753  2
1304.023 1320.023   3 24
1312.023 1328.023 757  1
1312.023 1328.023   3 24
1312.07  1328.07   17  3
1312.07  1328.07   34  4
1312.07  1328.07   23  5
1312.07  1328.07    2 25
1320.023 1336.023 753  2
1328.024 1344.024 754  1
1328.07  1344.07   16  3
1328.07  1344.07   32  4
1328.07  1344.07   22  5
1328.07  1344.07    2 25
1249.039 1345.008   0 61
1249.039 1345.008   0 62
1249.039 1345.008  56 63
1249.039 1345.008 292 64
1249.039 1345.008 252 65
1249.039 1345.008  12 66
1249.039 1345.008   0 67
1249.039 1345.008   0 68
1249.039 1345.008   0 71
1249.039 1345.008   0 72
1249.039 1345.008   0 73
1249.039 1345.008   0 74
1336.024 1352.024 754  2
1336.024 1352.024   3 24
1344.024 1360.024 758  1
1344.024 1360.024   3 24
1344.07  1360.07   13  3
1344.07  1360.07   32  4
1344.07  1360.07   20  5
1344.07  1360.07    2 25
1352.024 1368.024 754  2
1360.024 1376.024 755  1
1360.07  1376.07   11  3
1360.07  1376.07   30  4
1360.07  1376.07   19  5
1360.07  1376.07    2 25
1368.024 1384.024 752  2
1368.024 1384.024   3 24
1376.023 1392.023 756  1
1376.023 1392.023   3 24
1376.07  1392.07   11  3
1376.07  1392.07   29  4
1376.07  1392.07   18  5
1376.07  1392.07    2 25
1384.023 1400.023 753  2
1392.023 1408.023 758  1
1392.07  1408.07   11  3
1392.07  1408.07   27  4
1392.07  1408.07   17  5
1392.07  1408.07    2 25
1400.023 1416.023 754  2
1400.023 1416.023   3 24
1408.023 1424.023 757  1
1408.023 1424.023   3 24
1408.07  1424.07    8  3
1408.07  1424.07   27  4
1408.07  1424.07   16  5
1408.07  1424.07    2 25
1416.023 1432.023 754  2
1424.024 1440.024 756  1
1424.07  1440.07    7  3
1424.07  1440.07   24  4
1424.07  1440.07   15  5
1424.07  1440.07    2 25
1345.039 1441.008   0 61
1345.039 1441.008   2 62
1345.039 1441.008  42 63
1345.039 1441.008 231 64
1345.039 1441.008 306 65
1345.039 1441.008  27 66
1345.039 1441.008   0 67
1345.039 1441.008   0 68
1345.039 1441.008   0 71
1345.039 1441.008   0 72
1345.039 1441.008   0 73
1345.039 1441.008  14 74
1432.024 1448.024 754  2
1432.024 1448.024   3 24
1440.024 1456.024 757  1
1440.024 1456.024   3 24
1440.07  1456.07    6  3
1440.07  1456.07   26  4
1440.07  1456.07   14  5
1440.07  1456.07    2 25
1448.024 1464.024 754  2
1456.024 1472.024 756  1
1456.07  1472.07    7  3
1456.07  1472.07   25  4
1456.07  1472.07   15  5
1456.07  1472.07    2 25
1464.024 1480.024 754  2
1464.024 1480.024   3 24
1472.023 1488.023 757  1
1472.023 1488.023   3 24
1472.07  1488.07    6  3
1472.07  1488.07   22  4
1472.07  1488.07   14  5
1472.07  1488.07    2 25
1480.023 1496.023 754  2
1488.023 1504.023 756  1
1488.07  1504.07    7  3
1488.07  1504.07   22  4
1488.07  1504.07   13  5
1488.07  1504.07    2 25
1496.023 1512.023 755  2
1496.023 1512.023   3 24
1504.023 1520.023 757  1
1504.023 1520.023   3 24
1504.07  1520.07    6  3
1504.07  1520.07   23  4
1504.07  1520.07   14  5
1504.07  1520.07    2 25
1512.023 1528.023 754  2
1520.024 1536.024 757  1
1520.07  1536.07    5  3
1520.07  1536.07   21  4
1520.07  1536.07   13  5
1520.07  1536.07    2 25
1441.039 1537.008   0 61
1441.039 1537.008   1 62
1441.039 1537.008  59 63
1441.039 1537.008 252 64
1441.039 1537.008 278 65
1441.039 1537.008  20 66
1441.039 1537.008   0 67
1441.039 1537.008   0 68
1441.039 1537.008   0 71
1441.039 1537.008   0 72
1441.039 1537.008   0 73
1441.039 1537.008  48 74
1528.024 1544.024 755  2
1528.024 1544.024   3 24
1536.024 1552.024 758  1
1536.024 1552.024   3 24
1536.07  1552.07    4  3
1536.07  1552.07   21  4
1536.07  1552.07   13  5
1536.07  1552.07    2 25
1544.024 1560.024 755  2
1552.024 1568.024 758  1
1552.07  1568.07    5  3
1552.07  1568.07   22  4
1552.07  1568.07   13  5
1552.07  1568.07    2 25
1560.024 1576.024 755  2
1560.024 1576.024   3 24
1568.023 1584.023 757  1
1568.023 1584.023   3 24
1568.07  1584.07    5  3
1568.07  1584.07   22  4
1568.07  1584.07   13  5
1568.07  1584.07    2 25
1576.023 1592.023 755  2
1584.023 1600.023 757  1
1584.07  1600.07    4  3
1584.07  1600.07   20  4
1584.07  1600.07   12  5
1584.07  1600.07    2 25
1592.023 1608.023 754  2
1592.023 1608.023   3 24
1600.023 1616.023 757  1
1600.023 1616.023   3 24
1600.07  1616.07    4  3
1600.07  1616.07   21  4
1600.07  1616.07   12  5
1600.07  1616.07    2 25
1608.023 1624.023 755  2
1616.024 1632.024 757  1
1616.07  1632.07    5  3
1616.07  1632.07   23  4
1616.07  1632.07   12  5
1616.07  1632.07    2 25
1537.039 1633.008   0 61
1537.039 1633.008   1 62
1537.039 1633.008  61 63
1537.039 1633.008 282 64
1537.039 1633.008 266 65
1537.039 1633.008  11 66
1537.039 1633.008   0 67
1537.039 1633.008   0 68
1537.039 1633.008   0 71
1537.039 1633.008   0 72
1537.039 1633.008   6 73
1537.039 1633.008  49 74
1624.024 1640.024 754  2
1624.024 1640.024   3 24
1632.024 1648.024 758  1
1632.024 1648.024   3 24
1632.07  1648.07    4  3
1632.07  1648.07   20  4
1632.07  1648.07   12  5
1632.07  1648.07    2 25
1640.024 1656.024 756  2
1648.024 1664.024 757  1
1648.07  1664.07    4  3
1648.07  1664.07   20  4
1648.07  1664.07   12  5
1648.07  1664.07    2 25
1656.024 1672.024 755  2
1656.024 1672.024   3 24
1664.023 1680.023 758  1
1664.023 1680.023   3 24
1664.07  1680.07    5  3
1664.07  1680.07   21  4
1664.07  1680.07   13  5
1664.07  1680.07    2 25
1672.023 1688.023 755  2
1680.023 1696.023 758  1
1680.07  1696.07    4  3
1680.07  1696.07   20  4
1680.07  1696.07   12  5
1680.07  1696.07    2 25
1688.023 1704.023 755  2
1688.023 1704.023   3 24
1696.023 1712.023 758  1
1696.023 1712.023   3 24
1696.07  1712.07    5  3
1696.07  1712.07   21  4
1696.07  1712.07   12  5
1696.07  1712.07    2 25
1704.023 1720.023 756  2
1712.024 1728.024 758  1
1712.07  1728.07    5  3
1712.07  1728.07   20  4
1712.07  1728.07   12  5
1712.07  1728.07    2 25
1633.039 1729.008   0 61
1633.039 1729.008   2 62
1633.039 1729.008  62 63
1633.039 1729.008 252 64
1633.039 1729.008 263 65
1633.039 1729.008  30 66
1633.039 1729.008   0 67
1633.039 1729.008   0 68
1633.039 1729.008   0 71
1633.039 1729.008   0 72
1633.039 1729.008  14 73
1633.039 1729.008  63 74
1720.024 1736.024 755  2
1720.024 1736.024   3 24
1728.024 1744.024 758  1
1728.024 1744.024   3 24
1728.07  1744.07    4  3
1728.07  1744.07   24  4
1728.07  1744.07   13  5
1728.07  1744.07    2 25
1736.024 1752.024 755  2
1744.024 1760.024 758  1
1744.07  1760.07    5  3
1744.07  1760.07   21  4
1744.07  1760.07   13  5
1744.07  1760.07    2 25
1752.024 1768.024 756  2
1752.024 1768.024   3 24
1760.023 1776.023 758  1
1760.023 1776.023   3 24
1760.07  1776.07    4  3
1760.07  1776.07   23  4
1760.07  1776.07   13  5
1760.07  1776.07    2 25
1768.023 1784.023 755  2
1776.023 1792.023 758  1
1776.07  1792.07    5  3
1776.07  1792.07   22  4
1776.07  1792.07   13  5
1776.07  1792.07    2 25
1784.023 1800.023 755  2
1784.023 1800.023   3 24
1792.023 1808.023 758  1
1792.023 1808.023   3 24
1792.07  1808.07    5  3
1792.07  1808.07   23  4
1792.07  1808.07   13  5
1792.07  1808.07    2 25
1800.023 1816.023 756  2
1808.024 1824.024 759  1
1808.07  1824.07    4  3
1808.07  1824.07   21  4
1808.07  1824.07   12  5
1808.07  1824.07    2 25
1729.039 1825.008   0 61
1729.039 1825.008   1 62
1729.039 1825.008  72 63
1729.039 1825.008 269 64
1729.039 1825.008 263 65
1729.039 1825.008  21 66
1729.039 1825.008   0 67
1729.039 1825.008   0 68
1729.039 1825.008   0 71
1729.039 1825.008   0 72
1729.039 1825.008   6 73
1729.039 1825.008  54 74
1816.024 1832.024 756  2
1816.024 1832.024   3 24
1824.024 1840.024 759  1
1824.024 1840.024   3 24
1824.07  1840.07    6  3
1824.07  1840.07   22  4
1824.07  1840.07   12  5
1824.07  1840.07    2 25
1832.024 1848.024 756  2
1840.024 1856.024 758  1
1840.07  1856.07    4  3
1840.07  1856.07   20  4
1840.07  1856.07   13  5
1840.07  1856.07    2 25
1848.024 1864.024 756  2
1848.024 1864.024   3 24
1856.023 1872.023 759  1
1856.023 1872.023   3 24
1856.07  1872.07    5  3
1856.07  1872.07   20  4
1856.07  1872.07   12  5
1856.07  1872.07    2 25
1864.023 1880.023 755  2
1872.023 1888.023 760  1
1872.07  1888.07    5  3
1872.07  1888.07   21  4
1872.07  1888.07   12  5
1872.07  1888.07    2 25
1880.023 1896.023 756  2
1880.023 1896.023   3 24
1888.023 1904.023 759  1
1888.023 1904.023   3 24
1888.07  1904.07    5  3
1888.07  1904.07   21  4
1888.07  1904.07   13  5
1888.07  1904.07    2 25
1896.023 1912.023 756  2
1904.024 1920.024 759  1
1904.07  1920.07    4  3
1904.07  1920.07   22  4
1904.07  1920.07   12  5
1904.07  1920.07    2 25
1825.039 1921.008   0 61
1825.039 1921.008   0 62
1825.039 1921.008  46 63
1825.039 1921.008 289 64
1825.039 1921.008 236 65
1825.039 1921.008  20 66
1825.039 1921.008   0 67
1825.039 1921.008   0 68
1825.039 1921.008   0 71
1825.039 1921.008   0 72
1825.039 1921.008   3 73
1825.039 1921.008  53 74
1912.024 1928.024 756  2
1912.024 1928.024   3 24
1920.024 1936.024 761  1
1920.024 1936.024   3 24
1920.07  1936.07    5  3
1920.07  1936.07   22  4
1920.07  1936.07   13  5
1920.07  1936.07    2 25
1928.024 1944.024 754  2
1936.024 1952.024 759  1
1936.07  1952.07    6  3
1936.07  1952.07   23  4
1936.07  1952.07   13  5
1936.07  1952.07    2 25
1944.024 1960.024 756  2
1944.024 1960.024   3 24
1952.023 1968.023 760  1
1952.023 1968.023   3 24
1952.07  1968.07    6  3
1952.07  1968.07   19  4
1952.07  1968.07   13  5
1952.07  1968.07    2 25
1960.023 1976.023 754  2
1968.023 1984.023 760  1
1968.07  1984.07    6  3
1968.07  1984.07   20  4
1968.07  1984.07   13  5
1968.07  1984.07    2 25
1976.023 1992.023 755  2
1976.023 1992.023   3 24
1984.023 2000.023 760  1
1984.023 2000.023   3 24
1984.07  2000.07    5  3
1984.07  2000.07   20  4
1984.07  2000.07   12  5
1984.07  2000.07    2 25
1992.023 2008.023 755  2
2000.024 2016.024 759  1
2000.07  2016.07    6  3
2000.07  2016.07   23  4
2000.07  2016.07   12  5
2000.07  2016.07    2 25
1921.039 2017.008   0 61
1921.039 2017.008   1 62
1921.039 2017.008  52 63
1921.039 2017.008 246 64
1921.039 2017.008 270 65
1921.039 2017.008  19 66
1921.039 2017.008   0 67
1921.039 2017.008   0 68
1921.039 2017.008   0 71
1921.039 2017.008   0 72
1921.039 2017.008   4 73
1921.039 2017.008  44 74
2008.024 2024.024 755  2
2008.024 2024.024   3 24
2016.024 2032.024 761  1
2016.024 2032.024   3 24
2016.07  2032.07    6  3
2016.07  2032.07   23  4
2016.07  2032.07   13  5
2016.07  2032.07    2 25
2024.024 2040.024 756  2
2032.023 2048.023 760  1
2032.07  2048.07    5  3
2032.07  2048.07   22  4
2032.07  2048.07   13  5
2032.07  2048.07    2 25
2040.023 2056.023 754  2
2040.023 2056.023   3 24
2048.023 2064.023 760  1
2048.023 2064.023   3 24
2048.07  2064.07    3  3
2048.07  2064.07   21  4
2048.07  2064.07   13  5
2048.07  2064.07    2 25
2056.023 2072.023 755  2
2064.023 2080.023 760  1
2064.07  2080.07    6  3
2064.07  2080.07   21  4
2064.07  2080.07   13  5
2064.07  2080.07    2 25
2072.023 2088.023 755  2
2072.023 2088.023   3 24
2080.023 2096.023 759  1
2080.023 2096.023   3 24
2080.07  2096.07    5  3
2080.07  2096.07   20  4
2080.07  2096.07   13  5
2080.07  2096.07    2 25
2088.023 2104.023 755  2
2096.023 2112.023 760  1
2096.07  2112.07    6  3
2096.07  2112.07   21  4
2096.07  2112.07   13  5
2096.07  2112.07    2 25
2017.039 2113.008   0 61
2017.039 2113.008   0 62
2017.039 2113.008  59 63
2017.039 2113.008 270 64
2017.039 2113.008 288 65
2017.039 2113.008  21 66
2017.039 2113.008   0 67
2017.039 2113.008   0 68
2017.039 2113.008   0 71
2017.039 2113.008   0 72
2017.039 2113.008   0 73
2017.039 2113.008  59 74
2104.023 2120.023 755  2
2104.023 2120.023   3 24
2112.023 2128.023 761  1
2112.023 2128.023   3 24
2112.07  2128.07    5  3
2112.07  2128.07   22  4
2112.07  2128.07   13  5
2112.07  2128.07    2 25
2120.023 2136.023 757  2
2128.023 2144.023 759  1
2128.07  2144.07    6  3
2128.07  2144.07   22  4
2128.07  2144.07   12  5
2128.07  2144.07    2 25
2136.023 2152.023 756  2
2136.023 2152.023   3 24
2144.023 2160.023 760  1
2144.023 2160.023   3 24
2144.07  2160.07    5  3
2144.07  2160.07   21  4
2144.07  2160.07   13  5
2144.07  2160.07    2 25
2152.023 2168.023 755  2
2160.023 2176.023 760  1
2160.07  2176.07    5  3
2160.07  2176.07   22  4
2160.07  2176.07   12  5
2160.07  2176.07    2 25
2168.023 2184.023 756  2
2168.023 2184.023   3 24
2176.023 2192.023 760  1
2176.023 2192.023   3 24
2176.07  2192.07    5  3
2176.07  2192.07   22  4
2176.07  2192.07   13  5
2176.07  2192.07    2 25
2184.023 2200.023 755  2
2192.023 2208.023 760  1
2192.07  2208.07    5  3
2192.07  2208.07   22  4
2192.07  2208.07   12  5
2192.07  2208.07    2 25
2113.039 2209.008   0 61
2113.039 2209.008   0 62
2113.039 2209.008  47 63
2113.039 2209.008 264 64
2113.039 2209.008 237 65
2113.039 2209.008  16 66
2113.039 2209.008   0 67
2113.039 2209.008   0 68
2113.039 2209.008   0 71
2113.039 2209.008   0 72
2113.039 2209.008   5 73
2113.039 2209.008  53 74
2200.023 2216.023 755  2
2200.023 2216.023   3 24
2208.023 2224.023 759  1
2208.023 2224.023   3 24
2208.07  2224.07    5  3
2208.07  2224.07   22  4
2208.07  2224.07   12  5
2208.07  2224.07    2 25
2216.023 2232.023 754  2
2224.023 2240.023 760  1
2224.07  2240.07    6  3
2224.07  2240.07   22  4
2224.07  2240.07   12  5
2224.07  2240.07    2 25
2232.023 2248.023 756  2
2232.023 2248.023   3 24
2240.023 2256.023 761  1
2240.023 2256.023   3 24
2240.07  2256.07    6  3
2240.07  2256.07   21  4
2240.07  2256.07   12  5
2240.07  2256.07    2 25
2248.023 2264.023 755  2
2256.023 2272.023 759  1
2256.07  2272.07    6  3
2256.07  2272.07   23  4
2256.07  2272.07   13  5
2256.07  2272.07    2 25
2264.023 2280.023 755  2
2264.023 2280.023   3 24
2272.023 2288.023 761  1
2272.023 2288.023   3 24
2272.07  2288.07    5  3
2272.07  2288.07   22  4
2272.07  2288.07   14  5
2272.07  2288.07    2 25
2280.023 2296.023 754  2
2288.023 2304.023 760  1
2288.07  2304.07    6  3
2288.07  2304.07   22  4
2288.07  2304.07   13  5
2288.07  2304.07    2 25
2209.039 2305.008   0 61
2209.039 2305.008   0 62
2209.039 2305.008  41 63
2209.039 2305.008 254 64
2209.039 2305.008 224 65
2209.039 2305.008  18 66
2209.039 2305.008   0 67
2209.039 2305.008   0 68
2209.039 2305.008   0 71
2209.039 2305.008   0 72
2209.039 2305.008   2 73
2209.039 2305.008  64 74
2296.023 2312.023 756  2
2296.023 2312.023   3 24
2304.023 2320.023 760  1
2304.023 2320.023   3 24
2304.07  2320.07    5  3
2304.07  2320.07   21  4
2304.07  2320.07   13  5
2304.07  2320.07    2 25
2312.023 2328.023 755  2
2320.023 2336.023 760  1
2320.07  2336.07    6  3
2320.07  2336.07   22  4
2320.07  2336.07   13  5
2320.07  2336.07    2 25
2328.023 2344.023 755  2
2328.023 2344.023   3 24
2336.023 2352.023 760  1
2336.023 2352.023   3 24
2336.07  2352.07    4  3
2336.07  2352.07   21  4
2336.07  2352.07   13  5
2336.07  2352.07    2 25
2344.023 2360.023 754  2
2352.023 2368.023 760  1
2352.07  2368.07    5  3
2352.07  2368.07   21  4
2352.07  2368.07   13  5
2352.07  2368.07    2 25
2360.023 2376.023 755  2
2360.023 2376.023   3 24
2368.023 2384.023 760  1
2368.023 2384.023   3 24
2368.07  2384.07    5  3
2368.07  2384.07   22  4
2368.07  2384.07   12  5
2368.07  2384.07    2 25
2376.023 2392.023 756  2
2384.023 2400.023 760  1
2384.07  2400.07    7  3
2384.07  2400.07   22  4
2384.07  2400.07   13  5
2384.07  2400.07    2 25
2305.039 2401.008   0 61
2305.039 2401.008   2 62
2305.039 2401.008  43 63
2305.039 2401.008 263 64
2305.039 2401.008 233 65
2305.039 2401.008  17 66
2305.039 2401.008   0 67
2305.039 2401.008   0 68
2305.039 2401.008   0 71
2305.039 2401.008   0 72
2305.039 2401.008   3 73
2305.039 2401.008  42 74
2392.023 2408.023 755  2
2392.023 2408.023   3 24
2400.023 2416.023 759  1
2400.023 2416.023   3 24
2400.07  2416.07    4  3
2400.07  2416.07   21  4
2400.07  2416.07   11  5
2400.07  2416.07    2 25
2408.023 2424.023 755  2
2416.023 2432.023 760  1
2416.07  2432.07    5  3
2416.07  2432.07   20  4
2416.07  2432.07   12  5
2416.07  2432.07    2 25
2424.023 2440.023 756  2
2424.023 2440.023   3 24
2432.023 2448.023 760  1
2432.023 2448.023   3 24
2432.07  2448.07    5  3
2432.07  2448.07   21  4
2432.07  2448.07   12  5
2432.07  2448.07    2 25
2440.023 2456.023 756  2
2448.023 2464.023 761  1
2448.07  2464.07    6  3
2448.07  2464.07   22  4
2448.07  2464.07   14  5
2448.07  2464.07    2 25
2456.023 2472.023 755  2
2456.023 2472.023   3 24
2464.023 2480.023 759  1
2464.023 2480.023   3 24
2464.07  2480.07    5  3
2464.07  2480.07   22  4
2464.07  2480.07   13  5
2464.07  2480.07    2 25
2472.023 2488.023 755  2
2480.023 2496.023 760  1
2480.07  2496.07    6  3
2480.07  2496.07   21  4
2480.07  2496.07   13  5
2480.07  2496.07    2 25
2401.039 2497.008   0 61
2401.039 2497.008   0 62
2401.039 2497.008  55 63
2401.039 2497.008 257 64
2401.039 2497.008 254 65
2401.039 2497.008  18 66
2401.039 2497.008   0 67
2401.039 2497.008   0 68
2401.039 2497.008   0 71
2401.039 2497.008   0 72
2401.039 2497.008   2 73
2401.039 2497.008  36 74
2488.023 2504.023 755  2
2488.023 2504.023   3 24
2496.023 2512.023 760  1
2496.023 2512.023   3 24
2496.07  2512.07    7  3
2496.07  2512.07   20  4
2496.07  2512.07   13  5
2496.07  2512.07    2 25
2504.023 2520.023 756  2
2512.023 2528.023 760  1
2512.07  2528.07    3  3
2512.07  2528.07   21  4
2512.07  2528.07   12  5
2512.07  2528.07    2 25
2520.023 2536.023 755  2
2520.023 2536.023   3 24
2528.023 2544.023 760  1
2528.023 2544.023   3 24
2528.07  2544.07    5  3
2528.07  2544.07   22  4
2528.07  2544.07   12  5
2528.07  2544.07    2 25
2536.023 2552.023 755  2
2544.023 2560.023 760  1
2544.07  2560.07    4  3
2544.07  2560.07   21  4
2544.07  2560.07   12  5
2544.07  2560.07    2 25
2552.023 2568.023 756  2
2552.023 2568.023   3 24
2560.023 2576.023 760  1
2560.023 2576.023   3 24
2560.07  2576.07    4  3
2560.07  2576.07   22  4
2560.07  2576.07   12  5
2560.07  2576.07    2 25
2568.023 2584.023 755  2
2576.023 2592.023 760  1
2576.07  2592.07    6  3
2576.07  2592.07   22  4
2576.07  2592.07   13  5
2576.07  2592.07    2 25
2497.039 2593.008   0 61
2497.039 2593.008   2 62
2497.039 2593.008  59 63
2497.039 2593.008 259 64
2497.039 2593.008 239 65
2497.039 2593.008  14 66
2497.039 2593.008   0 67
2497.039 2593.008   0 68
2497.039 2593.008   0 71
2497.039 2593.008   0 72
2497.039 2593.008   6 73
2497.039 2593.008  46 74
2584.023 2600.023 754  2
2584.023 2600.023   3 24
2592.023 2608.023 759  1
2592.023 2608.023   3 24
2592.07  2608.07    7  3
2592.07  2608.07   22  4
2592.07  2608.07   13  5
2592.07  2608.07    2 25
2600.023 2616.023 755  2
2608.023 2624.023 760  1
2608.07  2624.07    5  3
2608.07  2624.07   22  4
2608.07  2624.07   12  5
2608.07  2624.07    2 25
2616.023 2632.023 756  2
2616.023 2632.023   3 24
2624.023 2640.023 760  1
2624.023 2640.023   3 24
2624.07  2640.07    5  3
2624.07  2640.07   22  4
2624.07  2640.07   12  5
2624.07  2640.07    2 25
2632.023 2648.023 756  2
2640.023 2656.023 759  1
2640.07  2656.07    5  3
2640.07  2656.07   21  4
2640.07  2656.07   13  5
2640.07  2656.07    2 25
2648.023 2664.023 754  2
2648.023 2664.023   3 24
2656.023 2672.023 761  1
2656.023 2672.023   3 24
2656.07  2672.07    6  3
2656.07  2672.07   21  4
2656.07  2672.07   13  5
2656.07  2672.07    2 25
2664.023 2680.023 754  2
2672.023 2688.023 759  1
2672.07  2688.07    5  3
2672.07  2688.07   22  4
2672.07  2688.07   12  5
2672.07  2688.07    2 25
2593.039 2689.008   0 61
2593.039 2689.008   1 62
2593.039 2689.008  53 63
2593.039 2689.008 276 64
2593.039 2689.008 236 65
2593.039 2689.008  19 66
2593.039 2689.008   0 67
2593.039 2689.008   0 68
2593.039 2689.008   0 71
2593.039 2689.008   0 72
2593.039 2689.008   3 73
2593.039 2689.008  43 74
2680.023 2696.023 756  2
2680.023 2696.023   3 24
2688.023 2704.023 759  1
2688.023 2704.023   3 24
2688.07  2704.07    6  3
2688.07  2704.07   23  4
2688.07  2704.07   13  5
2688.07  2704.07    2 25
2696.023 2712.023 754  2
2704.023 2720.023 760  1
2704.07  2720.07    5  3
2704.07  2720.07   21  4
2704.07  2720.07   13  5
2704.07  2720.07    2 25
2712.023 2728.023 755  2
2712.023 2728.023   3 24
2720.023 2736.023 759  1
2720.023 2736.023   3 24
2720.07  2736.07    5  3
2720.07  2736.07   22  4
2720.07  2736.07   12  5
2720.07  2736.07    2 25
2728.023 2744.023 755  2
2736.023 2752.023 760  1
2736.07  2752.07    5  3
2736.07  2752.07   21  4
2736.07  2752.07   12  5
2736.07  2752.07    2 25
2744.023 2760.023 754  2
2744.023 2760.023   3 24
2752.023 2768.023 760  1
2752.023 2768.023   3 24
2752.07  2768.07    5  3
2752.07  2768.07   23  4
2752.07  2768.07   13  5
2752.07  2768.07    2 25
2760.023 2776.023 754  2
2768.023 2784.023 758  1
2768.07  2784.07    6  3
2768.07  2784.07   22  4
2768.07  2784.07   13  5
2768.07  2784.07    2 25
2689.039 2785.008   0 61
2689.039 2785.008   1 62
2689.039 2785.008  47 63
2689.039 2785.008 273 64
2689.039 2785.008 246 65
2689.039 2785.008  29 66
2689.039 2785.008   0 67
2689.039 2785.008   0 68
2689.039 2785.008   0 71
2689.039 2785.008   0 72
2689.039 2785.008   5 73
2689.039 2785.008  48 74
2776.023 2792.023 754  2
2776.023 2792.023   3 24
2784.023 2800.023 760  1
2784.023 2800.023   3 24
2784.07  2800.07    6  3
2784.07  2800.07   22  4
2784.07  2800.07   12  5
2784.07  2800.07    2 25
2792.023 2808.023 754  2
2800.023 2816.023 758  1
2800.07  2816.07    6  3
2800.07  2816.07   21  4
2800.07  2816.07   13  5
2800.07  2816.07    2 25
2808.023 2824.023 753  2
2808.023 2824.023   3 24
2816.023 2832.023 760  1
2816.023 2832.023   3 24
2816.07  2832.07    4  3
2816.07  2832.07   20  4
2816.07  2832.07   13  5
2816.07  2832.07    2 25
2824.023 2840.023 755  2
2832.023 2848.023 759  1
2832.07  2848.07    5  3
2832.07  2848.07   21  4
2832.07  2848.07   13  5
2832.07  2848.07    2 25
2840.023 2856.023 754  2
2840.023 2856.023   3 24
2848.023 2864.023 759  1
2848.023 2864.023   3 24
2848.07  2864.07    3  3
2848.07  2864.07   21  4
2848.07  2864.07   12  5
2848.07  2864.07    2 25
2856.023 2872.023 754  2
2864.023 2880.023 759  1
2864.07  2880.07    7  3
2864.07  2880.07   22  4
2864.07  2880.07   13  5
2864.07  2880.07    2 25
2785.039 2881.008   0 61
2785.039 2881.008   0 62
2785.039 2881.008  41 63
2785.039 2881.008 260 64
2785.039 2881.008 266 65
2785.039 2881.008  19 66
2785.039 2881.008   0 67
2785.039 2881.008   0 68
2785.039 2881.008   0 71
2785.039 2881.008   0 72
2785.039 2881.008   2 73
2785.039 2881.008  34 74
2872.023 2888.023 754  2
2872.023 2888.023   3 24
2880.023 2896.023 760  1
2880.023 2896.023   3 24
2880.07  2896.07    6  3
2880.07  2896.07   22  4
2880.07  2896.07   13  5
2880.07  2896.07    2 25
2888.023 2904.023 752  2
2896.023 2912.023 758  1
2896.07  2912.07    4  3
2896.07  2912.07   22  4
2896.07  2912.07   13  5
2896.07  2912.07    2 25
2904.023 2920.023 752  2
2904.023 2920.023   3 24
2912.023 2928.023 759  1
2912.023 2928.023   3 24
2912.07  2928.07    5  3
2912.07  2928.07   21  4
2912.07  2928.07   13  5
2912.07  2928.07    2 25
2920.023 2936.023 754  2
2928.023 2944.023 759  1
2928.07  2944.07    6  3
2928.07  2944.07   21  4
2928.07  2944.07   13  5
2928.07  2944.07    2 25
2936.023 2952.023 752  2
2936.023 2952.023   3 24
2944.023 2960.023 759  1
2944.023 2960.023   3 24
2944.07  2960.07    4  3
2944.07  2960.07   20  4
2944.07  2960.07   13  5
2944.07  2960.07    2 25
2952.023 2968.023 755  2
2960.023 2976.023 758  1
2960.07  2976.07    5  3
2960.07  2976.07   22  4
2960.07  2976.07   13  5
2960.07  2976.07    2 25
2881.039 2977.008   0 61
2881.039 2977.008   0 62
2881.039 2977.008  64 63
2881.039 2977.008 283 64
2881.039 2977.008 244 65
2881.039 2977.008  37 66
2881.039 2977.008   0 67
2881.039 2977.008   0 68
2881.039 2977.008   0 71
2881.039 2977.008   0 72
2881.039 2977.008   5 73
2881.039 2977.008  42 74
2968.023 2984.023 752  2
2968.023 2984.023   3 24
2976.023 2992.023 759  1
2976.023 2992.023   3 24
2976.07  2992.07    5  3
2976.07  2992.07   22  4
2976.07  2992.07   13  5
2976.07  2992.07    2 25
2984.023 3000.023 753  2
2992.023 3008.023 758  1
2992.07  3008.07    6  3
2992.07  3008.07   20  4
2992.07  3008.07   12  5
2992.07  3008.07    2 25
3000.023 3016.023 755  2
3000.023 3016.023   3 24
3008.023 3024.023 759  1
3008.023 3024.023   3 24
3008.07  3024.07    4  3
3008.07  3024.07   24  4
3008.07  3024.07   13  5
3008.07  3024.07    2 25
3016.023 3032.023 752  2
3024.023 3040.023 758  1
3024.07  3040.07    5  3
3024.07  3040.07   34  4
3024.07  3040.07   12  5
3024.07  3040.07    2 25
3032.023 3048.023 753  2
3032.023 3048.023   3 24
3040.023 3056.023 758  1
3040.023 3056.023   3 24
3040.07  3056.07    5  3
3040.07  3056.07   26  4
3040.07  3056.07   12  5
3040.07  3056.07    2 25
3048.023 3064.023 754  2
3056.023 3072.023 758  1
3056.07  3072.07    6  3
3056.07  3072.07   22  4
3056.07  3072.07   13  5
3056.07  3072.07    2 25
2977.039 3073.008   0 61
2977.039 3073.008   0 62
2977.039 3073.008  40 63
2977.039 3073.008 243 64
2977.039 3073.008 238 65
2977.039 3073.008  19 66
2977.039 3073.008   0 67
2977.039 3073.008   0 68
2977.039 3073.008   0 71
2977.039 3073.008   0 72
2977.039 3073.008   7 73
2977.039 3073.008  53 74
3064.023 3080.023 752  2
3064.023 3080.023   3 24
3072.023 3088.023 759  1
3072.023 3088.023   3 24
3072.07  3088.07    6  3
3072.07  3088.07   20  4
3072.07  3088.07   13  5
3072.07  3088.07    2 25
3080.023 3096.023 753  2
3088.023 3104.023 757  1
3088.07  3104.07    5  3
3088.07  3104.07   22  4
3088.07  3104.07   13  5
3088.07  3104.07    2 25
3096.023 3112.023 753  2
3096.023 3112.023   3 24
3104.023 3120.023 758  1
3104.023 3120.023   3 24
3104.07  3120.07    5  3
3104.07  3120.07   20  4
3104.07  3120.07   12  5
3104.07  3120.07    2 25
3112.023 3128.023 752  2
3120.023 3136.023 758  1
3120.07  3136.07    5  3
3120.07  3136.07   22  4
3120.07  3136.07   13  5
3120.07  3136.07    2 25
3128.023 3144.023 752  2
3128.023 3144.023   3 24
3136.023 3152.023 758  1
3136.023 3152.023   3 24
3136.07  3152.07    6  3
3136.07  3152.07   21  4
3136.07  3152.07   12  5
3136.07  3152.07    2 25
3144.023 3160.023 752  2
3152.023 3168.023 757  1
3152.07  3168.07    5  3
3152.07  3168.07   20  4
3152.07  3168.07   12  5
3152.07  3168.07    2 25
3073.039 3169.008   0 61
3073.039 3169.008   1 62
3073.039 3169.008  59 63
3073.039 3169.008 273 64
3073.039 3169.008 230 65
3073.039 3169.008  26 66
3073.039 3169.008   0 67
3073.039 3169.008   0 68
3073.039 3169.008   0 71
3073.039 3169.008   0 72
3073.039 3169.008   5 73
3073.039 3169.008  57 74
3160.023 3176.023 750  2
3160.023 3176.023   3 24
3168.023 3184.023 758  1
3168.023 3184.023   3 24
3168.07  3184.07    5  3
3168.07  3184.07   22  4
3168.07  3184.07   12  5
3168.07  3184.07    2 25
3176.023 3192.023 752  2
3184.023 3200.023 757  1
3184.07  3200.07    6  3
3184.07  3200.07   23  4
3184.07  3200.07   13  5
3184.07  3200.07    2 25
3192.023 3208.023 751  2
3192.023 3208.023   3 24
3200.023 3216.023 757  1
3200.023 3216.023   3 24
3200.07  3216.07    5  3
3200.07  3216.07   22  4
3200.07  3216.07   13  5
3200.07  3216.07    2 25
3208.023 3224.023 752  2
3216.023 3232.023 757  1
3216.07  3232.07    3  3
3216.07  3232.07   20  4
3216.07  3232.07   12  5
3216.07  3232.07    2 25
3224.023 3240.023 751  2
3224.023 3240.023   3 24
3232.023 3248.023 758  1
3232.023 3248.023   3 24
3232.07  3248.07    5  3
3232.07  3248.07   21  4
3232.07  3248.07   13  5
3232.07  3248.07    2 25
3240.023 3256.023 752  2
3248.023 3264.023 757  1
3248.07  3264.07    5  3
3248.07  3264.07   20  4
3248.07  3264.07   13  5
3248.07  3264.07    2 25
3169.039 3265.008   0 61
3169.039 3265.008   0 62
3169.039 3265.008  54 63
3169.039 3265.008 248 64
3169.039 3265.008 260 65
3169.039 3265.008  28 66
3169.039 3265.008   0 67
3169.039 3265.008   0 68
3169.039 3265.008   0 71
3169.039 3265.008   0 72
3169.039 3265.008   7 73
3169.039 3265.008  52 74
3256.023 3272.023 752  2
3256.023 3272.023   3 24
3264.023 3280.023 757  1
3264.023 3280.023   3 24
3264.07  3280.07    4  3
3264.07  3280.07   20  4
3264.07  3280.07   12  5
3264.07  3280.07    2 25
3272.023 3288.023 751  2
3280.023 3296.023 757  1
3280.07  3296.07    5  3
3280.07  3296.07   23  4
3280.07  3296.07   13  5
3280.07  3296.07    2 25
3288.023 3304.023 752  2
3288.023 3304.023   3 24
3296.023 3312.023 757  1
3296.023 3312.023   3 24
3296.07  3312.07    3  3
3296.07  3312.07   22  4
3296.07  3312.07   11  5
3296.07  3312.07    2 25
3304.023 3320.023 750  2
3312.023 3328.023 756  1
3312.07  3328.07    3  3
3312.07  3328.07   19  4
3312.07  3328.07   12  5
3312.07  3328.07    2 25
3320.023 3336.023 751  2
3320.023 3336.023   3 24
3328.023 3344.023 757  1
3328.023 3344.023   3 24
3328.07  3344.07    4  3
3328.07  3344.07   20  4
3328.07  3344.07   12  5
3328.07  3344.07    2 25
3336.023 3352.023 751  2
3344.023 3360.023 756  1
3344.07  3360.07    1  3
3344.07  3360.07   20  4
3344.07  3360.07   12  5
3344.07  3360.07    2 25
3265.039 3361.008   0 61
3265.039 3361.008   0 62
3265.039 3361.008  43 63
3265.039 3361.008 251 64
3265.039 3361.008 217 65
3265.039 3361.008  21 66
3265.039 3361.008   0 67
3265.039 3361.008   0 68
3265.039 3361.008   0 71
3265.039 3361.008   1 72
3265.039 3361.008  10 73
3265.039 3361.008  57 74
3352.023 3368.023 750  2
3352.023 3368.023   3 24
3360.023 3376.023 757  1
3360.023 3376.023   3 24
3360.07  3376.07    3  3
3360.07  3376.07   22  4
3360.07  3376.07   11  5
3360.07  3376.07    2 25
3368.023 3384.023 749  2
3376.023 3392.023 756  1
3376.07  3392.07    1  3
3376.07  3392.07   20  4
3376.07  3392.07   12  5
3376.07  3392.07    2 25
3384.023 3400.023 751  2
3384.023 3400.023   3 24
3392.023 3408.023 758  1
3392.023 3408.023   3 24
3392.07  3408.07    2  3
3392.07  3408.07   20  4
3392.07  3408.07   12  5
3392.07  3408.07    2 25
3400.023 3416.023 749  2
3408.023 3424.023 756  1
3408.07  3424.07    2  3
3408.07  3424.07   20  4
3408.07  3424.07   12  5
3408.07  3424.07    2 25
3416.023 3432.023 750  2
3416.023 3432.023   3 24
3424.023 3440.023 757  1
3424.023 3440.023   3 24
3424.07  3440.07    2  3
3424.07  3440.07   20  4
3424.07  3440.07   12  5
3424.07  3440.07    2 25
3432.023 3448.023 748  2
3440.023 3456.023 756  1
3440.07  3456.07    3  3
3440.07  3456.07   20  4
3440.07  3456.07   12  5
3440.07  3456.07    1 25
3361.039 3457.008   0 61
3361.039 3457.008   0 62
3361.039 3457.008  46 63
3361.039 3457.008 241 64
3361.039 3457.008 244 65
3361.039 3457.008  12 66
3361.039 3457.008   0 67
3361.039 3457.008   0 68
3361.039 3457.008   0 71
3361.039 3457.008   3 72
3361.039 3457.008  46 73
3361.039 3457.008 234 74
3448.023 3464.023 749  2
3448.023 3464.023   3 24
3456.023 3472.023 754  1
3456.023 3472.023   3 24
3456.07  3472.07    1  3
3456.07  3472.07   19  4
3456.07  3472.07   11  5
3456.07  3472.07    2 25
3464.023 3480.023 750  2
3472.023 3488.023 754  1
3472.07  3488.07    4  3
3472.07  3488.07   21  4
3472.07  3488.07   12  5
3472.07  3488.07    2 25
3480.023 3496.023 749  2
3480.023 3496.023   3 24
