   2.172 3669 14
   2.234   87 32
   4.203 2196 11
   4.234  772 31
   6.172 1578 13
   6.234   99 32
   6.5    151 41
   8.203 1334 11
   8.234  862 31
   8.265 2050 19
  10.172 1182 13
  10.234  106 32
  10.5    178 42
  12.203 1226 11
  12.234  896 31
  14.172  960 13
  14.234  111 32
  16.203  874 11
  16.234  938 31
  16.265  119  7
  18.172  798 13
  18.234  114 32
  20.203  878 11
  20.234  957 31
  22.172  804 13
  22.234  116 32
  24.203  884 11
  24.234  976 31
  24.265  117  6
  26.172  811 13
  26.234  118 32
  26.5    194 43
  28.203  891 11
  28.234  996 31
  30.172  818 13
  30.234  120 32
  32.203  899 11
  32.234 1016 31
  32.265  119  8
  34.172  825 13
  34.203   37 33
  36.203  905 11
  36.234  123 32
  38.172  830 13
  38.203   37 33
  40.203  911 11
  40.234  126 32
  40.265  120  9
  42.172  837 13
  42.203   38 33
  44.203  919 11
  44.234  128 32
  46.172  843 13
  46.203   38 33
  48.203  926 11
  48.234  130 32
  48.265  119 34
  50.172  849 13
  50.203   39 33
  52.203  934 11
  52.234  133 32
  54.172  856 13
  54.203   39 33
  56.203  941 11
  56.234  136 32
  56.265  126 10
  58.172  863 13
  58.203   39 33
  60.203  948 11
  60.234  138 32
  62.172  869 13
  62.203   40 33
  64.203 3016 12
  64.234  260 36
  64.265  124 26
  66.172 3669 14
  66.203   40 33
  68.203  961 11
  68.234  144 32
  70.172  881 13
  70.203   41 33
  70.5     83 41
  72.203  968 11
  72.234  147 32
  72.265   48 18
  74.172  888 13
  74.203   42 33
  74.5    184 42
  76.203  975 11
  76.234  150 32
  78.172  894 13
  78.203   42 33
  80.203  983 11
  80.234  153 32
  80.265  115  7
  82.172  900 13
  82.203   43 33
  84.203  989 11
  84.234  157 32
  86.172  907 13
  86.203   43 33
  88.203  997 11
  88.234  160 32
  88.265  115  6
  90.172  913 13
  90.203   44 33
  90.5    220 43
  92.203 1003 11
  92.234  163 32
  94.172  919 13
  94.203   44 33
  96.203 1010 11
  96.234  166 32
  96.265  118  8
  98.172  926 13
  98.203   45 33
 100.203 1017 11
 100.234  170 32
 102.172  932 13
 102.203   46 33
 104.203 1023 11
 104.234  173 32
 104.265  117  9
 106.172  938 13
 106.203   47 33
 108.203 1030 11
 108.234  177 32
 110.172  944 13
 110.203   47 33
 112.203 1037 11
 112.234  181 32
 112.265  111 34
 114.172  950 13
 114.203   48 33
 116.203 1043 11
 116.234  185 32
 118.172  956 13
 118.203   48 33
 120.203 1050 11
 120.234  189 32
 120.265  126 10
 122.172  961 13
 122.203   49 33
 124.203 1056 11
 124.234  192 32
 126.172  967 13
 126.203   50 33
 128.203 3016 12
 128.234  261 36
 128.265  124 26
 130.172 3669 14
 130.203   50 33
 132.203 1069 11
 132.234  200 32
 134.172  979 13
 134.203   51 33
 134.5     89 41
 136.203 1075 11
 136.234  204 32
 136.265   48 20
 138.172  985 13
 138.203   51 33
 138.5    204 42
 140.203 1082 11
 140.234  208 32
 142.172  990 13
 142.203   52 33
 144.203 1088 11
 144.234  212 32
 144.265  105  7
 146.172  996 13
 146.203   52 33
 148.203 1094 11
 148.234  216 32
 150.172 1001 13
 150.203   53 33
 152.203 1100 11
 152.234  220 32
 152.265  109  6
 154.172 1007 13
 154.234  222 32
 154.5    244 43
 156.203 1106 11
 156.234  224 32
 158.172 1012 13
 158.203   54 33
 160.203 1111 11
 160.234  228 32
 160.265  112  8
 162.172 1017 13
 162.203   55 33
 164.203 1117 11
 164.234  232 32
 166.172 1023 13
 166.203   55 33
 168.203 1122 11
 168.234  236 32
 168.265  113  9
 170.172 1028 13
 170.203   55 33
 172.203 1129 11
 172.234  240 32
 174.172 1034 13
 174.203   56 33
 176.203 1135 11
 176.234  245 32
 176.265  100 34
 178.172 1040 13
 178.203   56 33
 180.203 1141 11
 180.234  248 32
 182.172 1045 13
 182.203   57 33
 184.203 1147 11
 184.234  252 32
 184.265  125 10
 186.172 1051 13
 186.203   57 33
 188.203 1153 11
 188.234  257 32
 190.172 1056 13
 190.203   58 33
 192.203 3016 12
 192.234  260 36
 192.265  124 26
 194.172 3669 14
 194.203   58 33
 196.203 1165 11
 196.234  265 32
 198.172 1066 13
 198.203   58 33
 198.5     94 41
 200.203 1170 11
 200.234  269 32
 200.265 2049 21
 202.172 1072 13
 202.203   59 33
 202.5    224 42
 204.203 1176 11
 204.234  273 32
 206.172 1077 13
 206.203   59 33
 208.203 1182 11
 208.234  278 32
 208.265   98  7
 210.172 1082 13
 210.203   59 33
 212.203 1188 11
 212.234  282 32
 214.172 1087 13
 214.203   59 33
 216.203 1193 11
 216.234  286 32
 216.265  103  6
 218.172 1092 13
 218.203   60 33
 218.5    255 43
 220.203 1199 11
 220.234  290 32
 222.172 1097 13
 222.203   61 33
 224.203 1204 11
 224.234  295 32
 224.265  107  8
 226.172 1102 13
 226.203   61 33
 228.203 1210 11
 228.234  299 32
 230.172 1107 13
 230.203   61 33
 232.203 1216 11
 232.234  303 32
 232.265  107  9
 234.172 1113 13
 234.203   62 33
 236.203 1221 11
 236.234  307 32
 238.172 1118 13
 238.203   62 33
 240.203 1227 11
 240.234  312 32
 240.265   87 34
 242.172 1123 13
 242.203   63 33
 244.203 1232 11
 244.234  316 32
 246.172 1128 13
 246.203   63 33
 248.203 1238 11
 248.234  320 32
 248.265  123 10
 250.172 1133 13
 250.203   63 33
 252.203 1244 11
 252.234  324 32
 254.172 1138 13
 254.203   64 33
 256.203 3017 12
 256.234  261 36
 256.265  124 26
 258.172 3669 14
 258.203   64 33
 260.203 1256 11
 260.234  333 32
 262.172 1149 13
 262.203   64 33
 262.5     99 41
 264.203 1261 11
 264.234  338 32
 264.265 2050 19
 266.172 1154 13
 266.203   65 33
 266.5    239 42
 268.203 1267 11
 268.234  342 32
 270.172 1159 13
 270.203   65 33
 272.203 1272 11
 272.234  346 32
 272.265   91  7
 274.172 1163 13
 274.203   65 33
 276.203 1277 11
 276.234  350 32
 278.172 1168 13
 278.203   65 33
 280.203 1282 11
 280.234  354 32
 280.265   96  6
 282.172 1173 13
 282.203   66 33
 282.5    255 43
 284.203 1288 11
 284.234  359 32
 286.172 1177 13
 286.203   66 33
 288.203 1293 11
 288.234  362 32
 288.265  100  8
 290.172 1182 13
 290.203   67 33
 292.203 1297 11
 292.234  366 32
 294.172 1187 13
 294.203   67 33
 296.203 1303 11
 296.234  371 32
 296.265  100  9
 298.172 1191 13
 298.203   68 33
 300.203 1307 11
 300.234  375 32
 302.172 1196 13
 302.203   68 33
 304.203 1312 11
 304.234  380 32
 304.265   75 34
 306.172 1201 13
 306.203   69 33
 308.203 1318 11
 308.234  384 32
 310.172 1206 13
 310.203   69 33
 312.203 1323 11
 312.234  388 32
 312.265  120 10
 314.172 1211 13
 314.203   69 33
 316.203 1328 11
 316.234  392 32
 318.172 1215 13
 318.234  394 32
 320.203 3017 12
 320.234  618 36
 320.265  125 26
 322.172 3669 14
 322.203   70 33
 324.203 1338 11
 324.234  401 32
 326.172 1224 13
 326.203   70 33
 326.5    104 41
 328.203 1342 11
 328.234  405 32
 328.265   48 18
 330.172 1228 13
 330.203   70 33
 330.5    251 42
 332.203 1348 11
 332.234  409 32
 334.172 1232 13
 334.203   71 33
 336.203 1352 11
 336.234  414 32
 336.265   85  7
 338.172 1236 13
 338.203   71 33
 340.203 1357 11
 340.234  418 32
 342.172 1241 13
 342.203   71 33
 344.203 1362 11
 344.234  422 32
 344.265   89  6
 346.172 1245 13
 346.203   71 33
 346.5    255 43
 348.203 1367 11
 348.234  426 32
 350.172 1249 13
 350.203   72 33
 352.203 1372 11
 352.234  430 32
 352.265   94  8
 354.172 1254 13
 354.203   73 33
 356.203 1376 11
 356.234  434 32
 358.172 1258 13
 358.203   73 33
 360.203 1380 11
 360.234  438 32
 360.265   94  9
 362.172 1262 13
 362.203   74 33
 364.203 1385 11
 364.234  443 32
 366.172 1266 13
 366.203   74 33
 368.203 1389 11
 368.234  447 32
 368.265   64 34
 370.172 1269 13
 370.203   74 33
 372.203 1394 11
 372.234  451 32
 374.172 1273 13
 374.203   75 33
 376.203 1397 11
 376.234  455 32
 376.265  115 10
 378.172 1277 13
 378.203   75 33
 380.203 1402 11
 380.234  459 32
 382.172 1281 13
 382.203   75 33
 384.203 3016 12
 384.234  260 36
 384.265  124 26
 386.172 3668 14
 386.203   76 33
 388.203 1411 11
 388.234  467 32
 390.172 1289 13
 390.203   76 33
 390.5    108 41
 392.203 1415 11
 392.234  471 32
 392.265   48 20
 394.172 1294 13
 394.203   77 33
 394.5    255 42
 396.203 1420 11
 396.234  475 32
 398.172 1298 13
 398.203   77 33
 400.203 1424 11
 400.234  479 32
 400.265   81  7
 402.172 1302 13
 402.203   77 33
 404.203 1429 11
 404.234  483 32
 406.172 1306 13
 406.203   78 33
 408.203 1433 11
 408.234  487 32
 408.265   83  6
 410.172 1310 13
 410.203   77 33
 410.5    255 43
 412.203 1438 11
 412.234  491 32
 414.172 1314 13
 414.203   78 33
 416.203 1442 11
 416.234  496 32
 416.265   88  8
 418.172 1319 13
 418.203   79 33
 420.203 1447 11
 420.234  499 32
 422.172 1323 13
 422.203   79 33
 424.203 1453 11
 424.234  503 32
 424.265   88  9
 426.172 1327 13
 426.203   80 33
 428.203 1457 11
 428.234  507 32
 430.172 1332 13
 430.203   80 33
 432.203 1461 11
 432.234  511 32
 432.265   56 34
 434.172 1336 13
 434.203   81 33
 436.203 1466 11
 436.234  515 32
 438.172 1340 13
 438.203   81 33
 440.203 1471 11
 440.234  519 32
 440.265  110 10
 442.172 1344 13
 442.203   81 33
 444.203 1475 11
 444.234  522 32
 446.172 1349 13
 446.203   82 33
 448.203 3016 12
 448.234  260 36
 448.265  125 26
 450.172 3669 14
 450.203   82 33
 452.203 1484 11
 452.234  530 32
 454.172 1357 13
 454.203   83 33
 454.5    112 41
 456.203 1488 11
 456.234  534 32
 456.265 2049 21
 458.172 1361 13
 458.203   83 33
 458.5    255 42
 460.203 1493 11
 460.234  538 32
 462.172 1365 13
 462.203   84 33
 464.203 1498 11
 464.234  543 32
 464.265   76  7
 466.172 1369 13
 466.203   84 33
 468.203 1502 11
 468.234  547 32
 470.172 1373 13
 470.203   85 33
 472.203 1507 11
 472.234  550 32
 472.265   78  6
 474.172 1377 13
 474.203   85 33
 474.5    255 43
 476.203 1511 11
 476.234  554 32
 478.172 1381 13
 478.203   86 33
 480.203 1515 11
 480.234  558 32
 480.265   82  8
 482.172 1385 13
 482.203   86 33
 484.203 1520 11
 484.234  561 32
 486.172 1389 13
 486.203   87 33
 488.203 1524 11
 488.234  565 32
 488.265   82  9
 490.172 1393 13
 490.203   87 33
 492.203 1529 11
 492.234  569 32
 494.172 1397 13
 494.203   88 33
 496.203 1533 11
 496.234  572 32
 496.265   49 34
 498.172 1401 13
 498.203   88 33
 500.203 1538 11
 500.234  576 32
 502.172 1406 13
 502.203   89 33
 504.203 1542 11
 504.234  580 32
 504.265  105 10
 506.172 1410 13
 506.203   89 33
 508.203 1546 11
 508.234  584 32
 510.172 1413 13
 510.203   89 33
 512.203 3017 12
 512.234  259 36
 512.265  125 26
 514.172 3669 14
 514.203   90 33
 516.203 1554 11
 516.234  591 32
 518.172 1421 13
 518.203   90 33
 518.5    116 41
 520.203 1559 11
 520.234  595 32
 520.265 2050 19
 522.172 1426 13
 522.203   91 33
 522.5    255 42
 524.203 1563 11
 524.234  599 32
 526.172 1429 13
 526.203   92 33
 528.203 1567 11
 528.234  602 32
 528.265   72  7
 530.172 1433 13
 530.203   92 33
 532.203 1572 11
 532.234  606 32
 534.172 1437 13
 534.203   92 33
 536.203 1576 11
 536.234  609 32
 536.265   73  6
 538.172 1441 13
 538.203   93 33
 538.5    255 43
 540.203 1580 11
 540.234  613 32
 542.172 1444 13
 542.203   93 33
 544.203 1584 11
 544.234  617 32
 544.265   77  8
 546.172 1448 13
 546.203   94 33
 548.203 1589 11
 548.234  620 32
 550.172 1453 13
 550.203   94 33
 552.203 1592 11
 552.234  624 32
 552.265   77  9
 554.172 1456 13
 554.203   95 33
 556.203 1597 11
 556.234  628 32
 558.172 1460 13
 558.203   96 33
 560.203 1601 11
 560.234  632 32
 560.265   45 34
 562.172 1464 13
 562.203   96 33
 564.203 1605 11
 564.234  635 32
 566.172 1467 13
 566.203   96 33
 568.203 1609 11
 568.234  639 32
 568.265  100 10
 570.172 1471 13
 570.203   96 33
 572.203 1613 11
 572.234  642 32
 574.172 1475 13
 574.203   98 33
 576.203 3017 12
 576.234  259 36
 576.265  125 26
 578.172 3669 14
 578.203   97 33
 580.203 1621 11
 580.234  650 32
 582.172 1482 13
 582.203   98 33
 582.5    120 41
 584.203 1626 11
 584.234  653 32
 584.265   49 18
 586.172 1485 13
 586.203   98 33
 586.5    255 42
 588.203 1628 11
 588.234  657 32
 590.172 1489 13
 590.203   98 33
 592.203 1633 11
 592.234  660 32
 592.265   69  7
 594.172 1492 13
 594.203   99 33
 596.203 1637 11
 596.234  664 32
 598.172 1496 13
 598.203  100 33
 600.203 1641 11
 600.234  667 32
 600.265   69  6
 602.172 1500 13
 602.203  100 33
 602.5    255 43
 604.203 1645 11
 604.234  671 32
 606.172 1503 13
 606.203  100 33
 608.203 1649 11
 608.234  675 32
 608.265   73  8
 610.172 1507 13
 610.203  101 33
 612.203 1653 11
 612.234  678 32
 614.172 1511 13
 614.203  101 33
 616.203 1657 11
 616.234  682 32
 616.265   73  9
 618.172 1514 13
 618.203  102 33
 620.203 1660 11
 620.234  686 32
 622.172 1518 13
 622.203  102 33
 624.203 1665 11
 624.234  689 32
 624.265   42 34
 626.172 1521 13
 626.203  103 33
 628.203 1669 11
 628.234  693 32
 630.172 1525 13
 630.203  103 33
 632.203 1673 11
 632.234  697 32
 632.265   95 10
 634.172 1529 13
 634.203  104 33
 636.203 1677 11
 636.234  701 32
 638.172 1532 13
 638.203  104 33
 640.203 3017 12
 640.234  258 36
 640.265  125 26
 642.172 3669 14
 642.203  105 33
 644.203 1684 11
 644.234  708 32
 646.172 1539 13
 646.203  105 33
 646.5    124 41
 648.203 1689 11
 648.234  711 32
 648.265   48 20
 650.172 1544 13
 650.203  106 33
 650.5    255 42
 652.203 1692 11
 652.234  715 32
 654.172 1548 13
 654.203  106 33
 656.203 1697 11
 656.234  719 32
 656.265   67  7
 658.172 1551 13
 658.203  107 33
 660.203 1700 11
 660.234  723 32
 662.172 1554 13
 662.203  107 33
 664.203 1704 11
 664.234  726 32
 664.265   66  6
 666.172 1558 13
 666.203  107 33
 666.5    255 43
 668.203 1708 11
 668.234  730 32
 670.172 1562 13
 670.203  108 33
 672.203 1712 11
 672.234  734 32
 672.265   70  8
 674.172 1565 13
 674.203  109 33
 676.203 1716 11
 676.234  737 32
 678.172 1569 13
 678.203  109 33
 680.203 1720 11
 680.234  741 32
 680.265   70  9
 682.172 1572 13
 682.203  109 33
 684.203 1723 11
 684.234  744 32
 686.172 1576 13
 686.203  110 33
 688.203 1728 11
 688.234  748 32
 688.265   41 34
 690.172 1579 13
 690.203  111 33
 692.203 1732 11
 692.234  752 32
 694.172 1583 13
 694.203  111 33
 696.203 1735 11
 696.234  756 32
 696.265   91 10
 698.172 1586 13
 698.203  112 33
 700.203 1739 11
 700.234  760 32
 702.172 1589 13
 702.203  112 33
 704.203 3017 12
 704.234  258 36
 704.265  125 26
 706.172 3670 14
 706.203  113 33
 708.203 1746 11
 708.234  767 32
 710.172 1596 13
 710.203  114 33
 710.5    128 41
 712.203 1750 11
 712.234  771 32
 712.265 2049 21
 714.172 1600 13
 714.203  114 33
 714.5    255 42
 716.203 1754 11
 716.234  774 32
 718.172 1603 13
 718.203  114 33
 720.203 1757 11
 720.234  778 32
 720.265   65  7
 722.172 1606 13
 722.203  115 33
 724.203 1762 11
 724.234  782 32
 726.172 1610 13
 726.203  116 33
 728.203 1765 11
 728.234  786 32
 728.265   64  6
 730.172 1613 13
 730.203  116 33
 730.5    255 43
 732.203 1768 11
 732.234  790 32
 734.172 1617 13
 734.203  117 33
 736.203 1772 11
 736.234  794 32
 736.265   67  8
 738.172 1620 13
 738.203  118 33
 740.203 1776 11
 740.234  797 32
 742.172 1623 13
 742.203  118 33
 744.203 1780 11
 744.234  801 32
 744.265   67  9
 746.172 1627 13
 746.203  119 33
 748.203 1783 11
 748.234  805 32
 750.172 1630 13
 750.203  119 33
 752.203 1787 11
 752.234  809 32
 752.265   41 34
 754.172 1633 13
 754.203  120 33
 756.203 1790 11
 756.234  813 32
 758.172 1637 13
 758.203  120 33
 760.203 1794 11
 760.234  816 32
 760.265   88 10
 762.172 1640 13
 762.203  121 33
 764.203 1798 11
 764.234  820 32
 766.172 1644 13
 766.203  121 33
 768.203 3017 12
 770.172 3670 14
 770.203  122 33
 772.203 1805 11
 772.234  828 32
 774.172 1650 13
 774.203  123 33
 774.5    132 41
 776.203 1809 11
 776.234  832 32
 776.265 2049 19
 778.172 1653 13
 778.203  123 33
 778.5    255 42
 780.203 1813 11
 780.234  836 32
 782.172 1656 13
 782.203  124 33
 784.203 1816 11
 784.234  839 32
 784.265   64  7
 786.172 1660 13
 786.203  124 33
 788.203 1820 11
 788.234  844 32
 790.172 1663 13
 790.203  125 33
 792.203 1822 11
 792.234  848 32
 792.265   63  6
 794.172 1666 13
 794.203  126 33
 794.5    255 43
 796.203 1826 11
 796.234  852 32
 798.172 1669 13
 798.203  126 33
 800.203 1830 11
 800.234  855 32
 800.265   66  8
 802.172 1673 13
 802.203  127 33
 804.203 1833 11
 804.234  860 32
 806.172 1676 13
 806.203  128 33
 808.203 1837 11
 808.234  863 32
 808.265   66  9
 810.172 1679 13
 810.203  128 33
 812.203 1840 11
 812.234  867 32
 814.172 1682 13
 814.203  129 33
 816.203 1844 11
 816.234  871 32
 816.265   43 34
 818.172 1686 13
 818.203  129 33
 820.203 1847 11
 820.234  875 32
 822.172 1689 13
 822.203  130 33
 824.203 1851 11
 824.234  879 32
 824.265   86 10
 826.172 1692 13
 826.203  130 33
 828.203 1854 11
 828.234  883 32
 830.172 1695 13
 830.203  131 33
 832.203 3017 12
 832.234  258 36
 832.265  125 26
 834.172 3670 14
 834.203  132 33
 836.203 1862 11
 836.234  892 32
 838.172 1701 13
 838.203  133 33
 838.5    136 41
 840.203 1865 11
 840.234  896 32
 840.265   49 18
 842.172 1704 13
 842.203  133 33
 842.5    255 42
 844.203 1867 11
 844.234  900 32
 846.172 1708 13
 846.203  134 33
 848.203 1871 11
 848.234  904 32
 848.265   64  7
 850.172 1711 13
 850.203  135 33
 852.203 1875 11
 852.234  908 32
 854.172 1714 13
 854.203  135 33
 856.203 1878 11
 856.234  912 32
 856.265   62  6
 858.172 1717 13
 858.203  136 33
 858.5    255 43
 860.203 1881 11
 860.234  916 32
 862.172 1720 13
 862.203  137 33
 864.203 1885 11
 864.234  920 32
 864.265   65  8
 866.172 1723 13
 866.203  137 33
 868.203 1888 11
 868.234  924 32
 870.172 1726 13
 870.203  138 33
 872.203 1892 11
 872.234  928 32
 872.265   66  9
 874.172 1729 13
 874.203  138 33
 876.203 1895 11
 876.234  933 32
 878.172 1732 13
 878.203  139 33
 880.203 1899 11
 880.234  937 32
 880.265   46 34
 882.172 1735 13
 882.203  140 33
 884.203 1901 11
 884.234  941 32
 886.172 1738 13
 886.203  140 33
 888.203 1905 11
 888.234  945 32
 888.265   84 10
 890.172 1741 13
 890.203  141 33
 892.203 1908 11
 892.234  950 32
 894.172 1744 13
 894.203  142 33
 896.203 3017 12
 896.234  255 36
 896.265  126 26
 898.172 3670 14
 898.203  143 33
 900.203 1914 11
 900.234  958 32
 902.172 1750 13
 902.203  143 33
 902.5    139 41
 904.203 1918 11
 904.234  962 32
 904.265   48 20
 906.172 1753 13
 906.203  144 33
 906.5    255 42
 908.203 1921 11
 908.234  967 32
 910.172 1757 13
 910.203  145 33
 912.203 1925 11
 912.234  971 32
 912.265   65  7
 914.172 1760 13
 914.203  146 33
 916.203 1928 11
 916.234  976 32
 918.172 1762 13
 918.203  146 33
 920.203 1931 11
 920.234  980 32
 920.265   63  6
 922.172 1766 13
 922.203  147 33
 922.5    255 43
 924.203 1935 11
 924.234  984 32
 926.172 1768 13
 926.203  148 33
 928.203 1938 11
 928.234  989 32
 928.265   66  8
 930.172 1772 13
 930.203  148 33
 932.203 1942 11
 932.234  993 32
 934.172 1775 13
 934.203  149 33
 936.203 1945 11
 936.234  997 32
 936.265   66  9
 938.172 1777 13
 938.203  150 33
 940.203 1948 11
 940.234 1001 32
 942.172 1781 13
 942.203  151 33
 944.203 1951 11
 944.234 1006 32
 944.265   50 34
 946.172 1783 13
 946.203  151 33
 948.203 1954 11
 948.234 1010 32
 950.172 1786 13
 950.203  152 33
 952.203 1958 11
 952.234 1015 32
 952.265   84 10
 954.172 1789 13
 954.203  153 33
 956.203 1961 11
 956.234 1019 32
 958.172 1792 13
 958.203  154 33
 960.203 3017 12
 960.234  242 36
 960.265  125 26
 962.172 3670 14
 962.203  154 33
 964.203 1967 11
 964.203  155 33
 966.172 1798 13
 966.203  155 33
 966.5    143 41
 968.203 1971 11
 968.203  155 33
 968.265 2049 21
 970.172 1801 13
 970.203  156 33
 970.5    255 42
 972.203 1974 11
 972.203  156 33
 974.172 1804 13
 974.203  157 33
 976.203 1977 11
 976.203  157 33
 976.265   67  7
 978.172 1807 13
 978.203  157 33
 980.203 1980 11
 980.203  158 33
 982.172 1810 13
 982.203  158 33
 984.203 1984 11
 984.203  158 33
 984.265   64  6
 986.172 1813 13
 986.203  159 33
 986.5    255 43
 988.203 1987 11
 988.203  159 33
 990.172 1816 13
 990.203  160 33
 992.203 1990 11
 992.203  160 33
 992.265   67  8
 994.172 1819 13
 994.203  160 33
 996.203 1993 11
 996.203  161 33
 998.172 1822 13
 998.203  161 33
1000.203 1996 11
1000.203  161 33
1000.265   67  9
1002.172 1825 13
1002.203  162 33
1004.203 2000 11
1004.203  162 33
1006.172 1828 13
1006.203  163 33
1008.203 2003 11
1008.203  163 33
1008.265   57 35
1010.172 1830 13
1010.203  163 33
1012.203 2005 11
1012.203  163 33
1014.172 1833 13
1014.203  164 33
1016.203 2009 11
1016.203  164 33
1016.265   84 10
1018.172 1836 13
1018.203  165 33
1020.203 2012 11
1020.203  165 33
1022.172 1839 13
1022.203  165 33
1024.203 3017 12
1024.203  257 37
1024.265  126 26
1026.172 3670 14
1026.203  166 33
1028.203 2019 11
1028.203  166 33
1030.172 1845 13
1030.203  167 33
1030.5    146 41
1032.203 2021 11
1032.203  167 33
1032.265 2049 19
1034.172 1848 13
1034.203  168 33
1034.5    255 42
1036.203 2025 11
1036.203  168 33
1038.172 1850 13
1038.203  169 33
1040.203 2027 11
1040.203  169 33
1040.265   69  7
1042.172 1853 13
1042.203  169 33
1044.203 2031 11
1044.203  169 33
1046.172 1856 13
1046.203  170 33
1048.203 2034 11
1048.203  170 33
1048.265   65  6
1050.172 1859 13
1050.203  171 33
1050.5    248 43
1052.203 2037 11
1052.203  171 33
1054.172 1862 13
1054.203  171 33
1056.203 2041 11
1056.203  172 33
1056.265   68  8
1058.172 1865 13
1058.203  172 33
1060.203 2043 11
1060.203  173 33
1062.172 1867 13
1062.203  173 33
1064.203 2047 11
1064.203  173 33
1064.265   69  9
1066.172 1870 13
1066.203  174 33
1068.203 2050 11
1068.203  174 33
1070.172 1873 13
1070.203  175 33
1072.203 2053 11
1072.203  175 33
1072.265   60 35
1074.172 1876 13
1074.203  176 33
1076.203 2056 11
1076.203  176 33
1078.172 1879 13
1078.203  176 33
1080.203 2059 11
1080.203  177 33
1080.265   85 10
1082.172 1882 13
1082.203  177 33
1084.203 2062 11
1084.203  177 33
1086.172 1884 13
1086.203  178 33
1088.203 3017 12
1088.203  257 37
1088.265  125 26
1090.172 3670 14
1090.203  178 33
1092.203 2068 11
1092.203  179 33
1094.172 1890 13
1094.203  179 33
1094.5    150 41
1096.203 2071 11
1096.203  179 33
1096.265   49 18
1098.172 1892 13
1098.203  180 33
1098.5    255 42
1100.203 2074 11
1100.203  180 33
1102.172 1895 13
1102.203  180 33
1104.203 2077 11
1104.203  181 33
1104.265   72  7
1106.172 1897 13
1106.203  181 33
1108.203 2080 11
1108.203  181 33
1110.172 1900 13
1110.203  182 33
1112.203 2083 11
1112.203  182 33
1112.265   67  6
1114.172 1903 13
1114.203  182 33
1114.5    240 43
1116.203 2086 11
1116.203  183 33
1118.172 1905 13
1118.203  183 33
1120.203 2089 11
1120.203  184 33
1120.265   71  8
1122.172 1909 13
1122.203  184 33
1124.203 2092 11
1124.203  184 33
1126.172 1911 13
1126.203  185 33
1128.203 2095 11
1128.203  185 33
1128.265   71  9
1130.172 1914 13
1130.203  186 33
1132.203 2098 11
1132.203  186 33
1134.172 1916 13
1134.203  187 33
1136.203 2101 11
1136.203  187 33
1136.265   64 35
1138.172 1919 13
1138.203  187 33
1140.203 2105 11
1140.203  187 33
1142.172 1922 13
1142.203  188 33
1144.203 2108 11
1144.203  188 33
1144.265   86 10
1146.172 1924 13
1146.203  189 33
1148.203 2111 11
1148.203  189 33
1150.172 1927 13
1150.203  190 33
1152.203 3017 12
1152.203  256 37
1152.265  125 26
1154.172 3669 14
1154.203  190 33
1156.203 2116 11
1156.203  190 33
1158.172 1933 13
1158.203  191 33
1158.5    153 41
1160.203 2119 11
1160.203  191 33
1160.265   48 20
1162.172 1936 13
1162.203  192 33
1162.5    255 42
1164.203 2122 11
1164.203  192 33
1166.172 1939 13
1166.203  192 33
1168.203 2125 11
1168.203  193 33
1168.265   76  7
1170.172 1942 13
1170.203  193 33
1172.203 2128 11
1172.203  194 33
1174.172 1944 13
1174.203  194 33
1176.203 2131 11
1176.203  194 33
1176.265   70  6
1178.172 1947 13
1178.203  195 33
1178.5    232 43
1180.203 2134 11
1180.203  195 33
1182.172 1950 13
1182.203  196 33
1184.203 2137 11
1184.203  196 33
1184.265   74  8
1186.172 1952 13
1186.203  197 33
1188.203 2140 11
1188.203  196 33
1190.172 1955 13
1190.203  197 33
1192.203 2142 11
1192.203  197 33
1192.265   74  9
1194.172 1957 13
1194.203  198 33
1196.203 2145 11
1196.203  198 33
1198.172 1960 13
1198.203  198 33
1200.203 2148 11
1200.203  198 33
1200.265   69 35
1202.172 1963 13
1202.203  199 33
1204.203 2151 11
1204.203  199 33
1206.172 1965 13
1206.203  200 33
1208.203 2154 11
1208.203  200 33
1208.265   88 10
1210.172 1968 13
1210.203  200 33
1212.203 2157 11
1212.203  201 33
1214.172 1971 13
1214.203  201 33
1216.203 3016 12
1216.203  257 37
1216.265  125 26
1218.172 3670 14
1218.203  202 33
1220.203 2163 11
1220.203  202 33
1222.172 1976 13
1222.203  203 33
1222.5    156 41
1224.203 2165 11
1224.203  203 33
1224.265 2049 21
1226.172 1978 13
1226.203  204 33
1226.5    255 42
1228.203 2169 11
1228.203  204 33
1230.172 1981 13
1230.203  204 33
1232.203 2171 11
1232.203  204 33
1232.265   80  7
1234.172 1984 13
1234.203  205 33
1236.203 2174 11
1236.203  205 33
1238.172 1986 13
1238.203  206 33
1240.203 2177 11
1240.203  206 33
1240.265   74  6
1242.172 1989 13
1242.203  206 33
1242.5    223 43
1244.203 2180 11
1244.203  207 33
1246.172 1992 13
1246.203  207 33
1248.203 2183 11
1248.203  207 33
1248.265   77  8
1250.172 1994 13
1250.203  208 33
1252.203 2186 11
1252.203  209 33
1254.172 1997 13
1254.203  209 33
1256.203 2188 11
1256.203  209 33
1256.265   77  9
1258.172 2000 13
1258.203  209 33
1260.203 2191 11
1260.203  210 33
1262.172 2002 13
1262.203  210 33
1264.203 2194 11
1264.203  211 33
1264.265   74 35
1266.172 2004 13
1266.203  211 33
1268.203 2197 11
1268.203  211 33
1270.172 2007 13
1270.203  212 33
1272.203 2200 11
1272.203  212 33
1272.265   91 10
1274.172 2010 13
1274.203  212 33
1276.203 2203 11
1276.203  212 33
1278.172 2012 13
1278.203  213 33
1280.203 3017 12
1280.203  257 37
1280.265  125 26
1282.172 3670 14
1282.203  214 33
1284.203 2208 11
1284.203  214 33
1286.172 2017 13
1286.203  214 33
1286.5    159 41
1288.203 2211 11
1288.203  214 33
1288.265 2049 19
1290.172 2020 13
1290.203  215 33
1290.5    248 42
1292.203 2214 11
1292.203  215 33
1294.172 2022 13
1294.203  216 33
1296.203 2217 11
1296.203  216 33
1296.265   85  7
1298.172 2025 13
1298.203  216 33
1300.203 2219 11
1300.203  217 33
1302.172 2028 13
1302.203  217 33
1304.203 2222 11
1304.203  218 33
1304.265   78  6
1306.172 2030 13
1306.203  218 33
1306.5    214 43
1308.203 2225 11
1308.203  218 33
1310.172 2033 13
1310.203  219 33
1312.203 2228 11
1312.203  219 33
1312.265   81  8
1314.172 2035 13
1314.203  220 33
1316.203 2230 11
1316.203  220 33
1318.172 2037 13
1318.203  220 33
1320.203 2233 11
1320.203  221 33
1320.265   81  9
1322.172 2040 13
1322.203  221 33
1324.203 2236 11
1324.203  221 33
1326.172 2043 13
1326.203  222 33
1328.203 2238 11
1328.203  222 33
1328.265   80 35
1330.172 2045 13
1330.203  223 33
1332.203 2241 11
1332.203  223 33
1334.172 2047 13
1334.203  223 33
1336.203 2245 11
1336.203  224 33
1336.265   94 10
1338.172 2050 13
1338.203  224 33
1340.203 2247 11
1340.203  225 33
1342.172 2053 13
1342.203  225 33
1344.203 3017 12
1344.203  257 37
1344.265  125 26
1346.172 3670 14
1346.203  225 33
1348.203 2253 11
1348.203  226 33
1350.172 2058 13
1350.203  226 33
1350.5    163 41
1352.203 2255 11
1352.203  227 33
1352.265   49 18
1354.172 2059 13
1354.203  227 33
1354.5    239 42
1356.203 2258 11
1356.203  227 33
1358.172 2062 13
1358.203  228 33
1360.203 2261 11
1360.203  228 33
1360.265   90  7
1362.172 2064 13
1362.203  228 33
1364.203 2263 11
1364.203  229 33
1366.172 2067 13
1366.203  229 33
1368.203 2266 11
1368.203  229 33
1368.265   82  6
1370.172 2069 13
1370.203  230 33
1370.5    205 43
1372.203 2269 11
1372.203  230 33
1374.172 2072 13
1374.203  231 33
1376.203 2272 11
1376.203  231 33
1376.265   86  8
1378.172 2074 13
1378.203  231 33
1380.203 2275 11
1380.203  232 33
1382.172 2077 13
1382.203  232 33
1384.203 2277 11
1384.203  233 33
1384.265   86  9
1386.172 2079 13
1386.203  233 33
1388.203 2280 11
1388.203  233 33
1390.172 2082 13
1390.203  234 33
1392.203 2283 11
1392.203  234 33
1392.265   86 35
1394.172 2084 13
1394.203  235 33
1396.203 2285 11
1396.203  235 33
1398.172 2086 13
1398.203  235 33
1400.203 2288 11
1400.203  236 33
1400.265   97 10
1402.172 2089 13
1402.203  236 33
1404.203 2291 11
1404.203  237 33
1406.172 2092 13
1406.203  237 33
1408.203 3016 12
1408.203  257 37
1408.265  124 26
1410.172 3668 14
1410.203  238 33
1412.203 2296 11
1412.203  238 33
1414.172 2096 13
1414.203  239 33
1414.5    166 41
1416.203 2299 11
1416.203  239 33
1416.265   48 20
1418.172 2100 13
1418.203  240 33
1418.5    229 42
1420.203 2301 11
1420.203  240 33
1422.172 2102 13
1422.203  240 33
1424.203 2304 11
1424.203  241 33
1424.265   95  7
1426.172 2104 13
1426.203  241 33
1428.203 2307 11
1428.203  241 33
1430.172 2107 13
1430.203  242 33
1432.203 2309 11
1432.203  242 33
1432.265   87  6
1434.172 2109 13
1434.203  243 33
1434.5    196 43
1436.203 2312 11
1436.203  243 33
1438.172 2111 13
1438.203  243 33
1440.203 2314 11
1440.203  244 33
1440.265   91  8
1442.172 2114 13
1442.203  245 33
1444.203 2317 11
1444.203  245 33
1446.172 2116 13
1446.203  246 33
1448.203 2319 11
1448.203  246 33
1448.265   91  9
1450.172 2118 13
1450.203  247 33
1452.203 2323 11
1452.203  247 33
1454.172 2121 13
1454.203  247 33
1456.203 2325 11
1456.203  248 33
1456.265   93 35
1458.172 2123 13
1458.203  248 33
1460.203 2327 11
1460.203  249 33
1462.172 2126 13
1462.203  249 33
1464.203 2330 11
1464.203  250 33
1464.265  101 10
1466.172 2128 13
1466.203  250 33
1468.203 2333 11
1468.203  250 33
1470.172 2131 13
1470.203  251 33
1472.203 3016 12
1472.203  257 37
1472.265  124 26
1474.172 3669 14
1474.203  252 33
1476.203 2338 11
1476.203  252 33
1478.172 2135 13
1478.203  252 33
1478.5    169 41
1480.203 2341 11
1480.203  253 33
1480.265 2049 21
1482.172 2138 13
1482.203  253 33
1482.5    217 42
1484.203 2343 11
1484.203  254 33
1486.172 2140 13
1486.203  254 33
1488.203 2346 11
1488.203  255 33
1488.265  101  7
1490.172 2142 13
1490.203  255 33
1492.203 2348 11
1492.203  255 33
1494.172 2145 13
1494.203  256 33
1496.203 2351 11
1496.203  256 33
1496.265   92  6
1498.172 2147 13
1498.203  257 33
1498.5    187 43
1500.203 2353 11
1500.203  257 33
1502.172 2150 13
1502.203  258 33
1504.203 2356 11
1504.203  258 33
1504.265   96  8
1506.172 2152 13
1506.203  259 33
1508.203 2359 11
1508.203  259 33
1510.172 2154 13
1510.203  259 33
1512.203 2361 11
1512.203  260 33
1512.265   96  9
1514.172 2157 13
1514.203  260 33
1516.203 2364 11
1516.203  261 33
1518.172 2159 13
1518.203  261 33
1520.203 2366 11
1520.203  262 33
1520.265  100 35
1522.172 2162 13
1522.203  262 33
1524.203 2369 11
1524.203  263 33
1526.172 2164 13
1526.203  263 33
1528.203 2371 11
1528.203  264 33
1528.265  105 10
1530.172 2166 13
1530.203  264 33
1532.203 2374 11
1532.203  265 33
1534.172 2168 13
1534.203  265 33
1536.203 3016 12
1538.172 3669 14
1538.203  266 33
1540.203 2379 11
1540.203  267 33
1542.172 2173 13
1542.203  267 33
1542.5    172 41
1544.203 2382 11
1544.203  267 33
1544.265 2049 19
1546.172 2175 13
1546.203  268 33
1546.5    204 42
1548.203 2384 11
1548.203  268 33
1550.172 2178 13
1550.203  269 33
1552.203 2387 11
1552.203  270 33
1552.265  107  7
1554.172 2180 13
1554.203  270 33
1556.203 2389 11
1556.203  270 33
1558.172 2182 13
1558.203  271 33
1560.203 2391 11
1560.203  271 33
1560.265   97  6
1562.172 2184 13
1562.203  272 33
1562.5    178 43
1564.203 2394 11
1564.203  272 33
1566.172 2187 13
1566.203  273 33
1568.203 2397 11
1568.203  273 33
1568.265  102  8
1570.172 2189 13
1570.203  274 33
1572.203 2399 11
1572.203  274 33
1574.172 2191 13
1574.203  275 33
1576.203 2401 11
1576.203  275 33
1576.265  102  9
1578.172 2194 13
1578.203  275 33
1580.203 2404 11
1580.203  276 33
1582.172 2196 13
1582.203  276 33
1584.203 2406 11
1584.203  277 33
1584.265  107 35
1586.172 2198 13
1586.203  277 33
1588.203 2409 11
1588.203  278 33
1590.172 2200 13
1590.203  278 33
1592.203 2412 11
1592.203  279 33
1592.265  109 10
1594.172 2202 13
1594.203  279 33
1596.203 2414 11
1596.203  279 33
1598.172 2205 13
1598.203  280 33
1600.203 3016 12
1600.203  257 37
1600.265  124 26
1602.172 3669 14
1602.203  281 33
1604.203 2420 11
1604.203  281 33
1606.172 2210 13
1606.203  282 33
1606.5    175 41
1608.203 2422 11
1608.203  283 33
1608.265   49 18
1610.172 2212 13
1610.203  283 33
1610.5    189 42
1612.203 2424 11
1612.203  283 33
1614.172 2214 13
1614.203  283 33
1616.203 2427 11
1616.203  284 33
1616.265  113  7
1618.172 2216 13
1618.203  285 33
1620.203 2429 11
1620.203  285 33
1622.172 2219 13
1622.203  286 33
1624.203 2432 11
1624.203  286 33
1624.265  103  6
1626.172 2221 13
1626.203  286 33
1626.5    169 43
1628.203 2434 11
1628.203  286 33
1630.172 2223 13
1630.203  287 33
1632.203 2437 11
1632.203  288 33
1632.265  108  8
1634.172 2225 13
1634.203  288 33
1636.203 2439 11
1636.203  288 33
1638.172 2228 13
1638.203  289 33
1640.203 2441 11
1640.203  289 33
1640.265  108  9
1642.172 2230 13
1642.203  290 33
1644.203 2444 11
1644.203  290 33
1646.172 2232 13
1646.203  291 33
1648.203 2446 11
1648.203  291 33
1648.265  114 35
1650.172 2234 13
1650.203  291 33
1652.203 2449 11
1652.203  292 33
1654.172 2237 13
1654.203  292 33
1656.203 2452 11
1656.203  293 33
1656.265  114 10
1658.172 2239 13
1658.203  293 33
1660.203 2454 11
1660.203  294 33
1662.172 2241 13
1662.203  294 33
1664.203 3015 12
1664.203  257 37
1664.265  124 26
1666.172 3669 14
1666.203  295 33
1668.203 2459 11
1668.203  296 33
1670.172 2246 13
1670.203  296 33
1670.5    178 41
1672.203 2461 11
1672.203  297 33
1672.265   48 20
1674.172 2248 13
1674.203  297 33
1674.5    174 42
1676.203 2464 11
1676.203  297 33
1678.172 2250 13
1678.203  298 33
1680.203 2466 11
1680.203  298 33
1680.265  120  7
1682.172 2252 13
1682.203  299 33
1684.203 2469 11
1684.203  299 33
1686.172 2254 13
1686.203  300 33
1688.203 2471 11
1688.203  300 33
1688.265  110  6
1690.172 2257 13
1690.203  301 33
1690.5    160 43
1692.203 2473 11
1692.203  301 33
1694.172 2259 13
1694.203  302 33
1696.203 2476 11
1696.203  302 33
1696.265  114  8
1698.172 2261 13
1698.203  303 33
1700.203 2478 11
1700.203  303 33
1702.172 2263 13
1702.203  304 33
1704.203 2481 11
1704.203  304 33
1704.265  114  9
1706.172 2265 13
1706.203  305 33
1708.203 2483 11
1708.203  305 33
1710.172 2268 13
1710.203  305 33
1712.203 2486 11
1712.203  306 33
1712.265  122 35
1714.172 2270 13
1714.203  306 33
1716.203 2488 11
1716.203  307 33
1718.172 2272 13
1718.203  308 33
1720.203 2490 11
1720.203  308 33
1720.265  119 10
1722.172 2275 13
1722.203  308 33
1724.203 2493 11
1724.203  309 33
1726.172 2277 13
1726.203  309 33
1728.203 3016 12
1728.203  257 37
1728.265  123 26
1730.172 3669 14
1730.203  310 33
1732.203 2498 11
1732.203  311 33
1734.172 2281 13
1734.203  311 33
1734.5    180 41
1736.203 2500 11
1736.203  311 33
1736.265 2049 21
1738.172 2283 13
1738.203  312 33
1738.5    158 42
1740.203 2503 11
1740.203  312 33
1742.172 2285 13
1742.203  313 33
1744.203 2505 11
1744.203  313 33
1744.265  127  7
1746.172 2287 13
1746.203  314 33
1748.203 2507 11
1748.203  315 33
1750.172 2290 13
1750.203  314 33
1752.203 2509 11
1752.203  315 33
1752.265  116  6
1754.172 2292 13
1754.203  316 33
1754.5    152 43
1756.203 2512 11
1756.203  316 33
1758.172 2294 13
1758.203  316 33
1760.203 2514 11
1760.203  317 33
1760.265  121  8
1762.172 2296 13
1762.203  318 33
1764.203 2517 11
1764.203  318 33
1766.172 2298 13
1766.203  318 33
1768.203 2519 11
1768.203  319 33
1768.265  121  9
1770.172 2301 13
1770.203  319 33
1772.203 2522 11
1772.203  320 33
1774.172 2303 13
1774.203  320 33
1776.203 2524 11
1776.203  321 33
1776.265  130 35
1778.172 2305 13
1778.203  321 33
1780.203 2527 11
1780.203  322 33
1782.172 2307 13
1782.203  322 33
1784.203 2529 11
1784.203  322 33
1784.265  123 10
1786.172 2309 13
1786.203  323 33
1788.203 2531 11
1788.203  324 33
1790.172 2312 13
1790.203  324 33
1792.203 3016 12
1792.203  257 37
1792.265  123 26
1794.172 3669 14
1794.203  325 33
1796.203 2536 11
1796.203  326 33
1798.172 2316 13
1798.203  326 33
1798.5    183 41
1800.203 2539 11
1800.203  327 33
1800.265 2049 19
1802.172 2318 13
1802.203  327 33
1802.5    142 42
1804.203 2540 11
1804.203  327 33
1806.172 2320 13
1806.203  328 33
1808.203 2542 11
1808.203  328 33
1808.265  134  7
1810.172 2322 13
1810.203  329 33
1812.203 2545 11
1812.203  329 33
1814.172 2324 13
1814.203  330 33
1816.203 2547 11
1816.203  330 33
1816.265  122  6
1818.172 2327 13
1818.203  330 33
1818.5    143 43
1820.203 2549 11
1820.203  331 33
1822.172 2328 13
1822.203  332 33
1824.203 2552 11
1824.203  332 33
1824.265  127  8
1826.172 2330 13
1826.203  333 33
1828.203 2554 11
1828.203  333 33
1830.172 2333 13
1830.203  334 33
1832.203 2557 11
1832.203  334 33
1832.265  127  9
1834.172 2335 13
1834.203  334 33
1836.203 2559 11
1836.203  335 33
1838.172 2337 13
1838.203  335 33
1840.203 2562 11
1840.203  336 33
1840.265  138 35
1842.172 2339 13
1842.203  336 33
1844.203 2564 11
1844.203  337 33
1846.172 2341 13
1846.203  337 33
1848.203 2566 11
1848.203  338 33
1848.265  128 10
1850.172 2343 13
1850.203  338 33
1852.203 2568 11
1852.203  339 33
1854.172 2345 13
1854.203  339 33
1856.203 3015 12
1856.203  257 37
1856.265  123 26
1858.172 3669 14
1858.203  340 33
1860.203 2573 11
1860.203  340 33
1862.172 2350 13
1862.203  341 33
1862.5    186 41
1864.203 2575 11
1864.203  342 33
1864.265   48 18
1866.172 2352 13
1866.203  342 33
1866.5    127 42
1868.203 2579 11
1868.203  342 33
1870.172 2354 13
1870.203  343 33
1872.203 2581 11
1872.203  343 33
1872.265  141  7
1874.172 2356 13
1874.203  344 33
1876.203 2583 11
1876.203  344 33
1878.172 2358 13
1878.203  345 33
1880.203 2586 11
1880.203  345 33
1880.265  129  6
1882.172 2360 13
1882.203  346 33
1882.5    135 43
1884.203 2588 11
1884.203  346 33
1886.172 2362 13
1886.203  347 33
1888.203 2590 11
1888.203  347 33
1888.265  134  8
1890.172 2365 13
1890.203  347 33
1892.203 2592 11
1892.203  348 33
1894.172 2367 13
1894.203  348 33
1896.203 2595 11
1896.203  349 33
1896.265  134  9
1898.172 2369 13
1898.203  349 33
1900.203 2597 11
1900.203  350 33
1902.172 2370 13
1902.203  350 33
1904.203 2599 11
1904.203  351 33
1904.265  147 35
1906.172 2373 13
1906.203  351 33
1908.203 2601 11
1908.203  351 33
1910.172 2375 13
1910.203  352 33
1912.203 2603 11
1912.203  352 33
1912.265  133 10
1914.172 2377 13
1914.203  353 33
1916.203 2606 11
1916.203  354 33
1918.172 2379 13
1918.203  354 33
1920.203 3016 12
1920.203  257 37
1920.265  124 26
1922.172 3669 14
1922.203  355 33
1924.203 2610 11
1924.203  355 33
1926.172 2383 13
1926.203  356 33
1926.5    188 41
1928.203 2613 11
1928.203  356 33
1928.265   49 20
1930.172 2384 13
1930.203  356 33
1930.5    112 42
1932.203 2615 11
1932.203  357 33
1934.172 2386 13
1934.203  357 33
1936.203 2617 11
1936.203  358 33
1936.265  148  7
1938.172 2388 13
1938.203  359 33
1940.203 2619 11
1940.203  359 33
1942.172 2390 13
1942.203  359 33
1944.203 2622 11
1944.203  360 33
1944.265  136  6
1946.172 2392 13
1946.203  360 33
1946.5    126 43
1948.203 2624 11
1948.203  361 33
1950.172 2394 13
1950.203  361 33
1952.203 2626 11
1952.203  362 33
1952.265  141  8
1954.172 2396 13
1954.203  362 33
1956.203 2628 11
1956.203  363 33
1958.172 2398 13
1958.203  363 33
1960.203 2631 11
1960.203  364 33
1960.265  141  9
1962.172 2401 13
1962.203  364 33
1964.203 2633 11
1964.203  364 33
1966.172 2403 13
1966.203  365 33
1968.203 2636 11
1968.203  365 33
1968.265  155 35
1970.172 2405 13
1970.203  366 33
1972.203 2638 11
1972.203  366 33
1974.172 2407 13
1974.203  367 33
1976.203 2640 11
1976.203  367 33
1976.265  138 10
1978.172 2409 13
1978.203  368 33
1980.203 2642 11
1980.203  368 33
1982.172 2411 13
1982.203  369 33
1984.203 3017 12
1984.203  256 37
1984.265  123 26
1986.172 3668 14
1986.203  369 33
1988.203 2647 11
1988.203  370 33
1990.172 2415 13
1990.203  370 33
1990.5    191 41
1992.203 2649 11
1992.203  371 33
1992.265 2048 21
1994.172 2417 13
1994.203  371 33
1994.5     99 42
1996.203 2651 11
1996.203  372 33
1998.172 2419 13
1998.203  372 33
2000.203 2653 11
2000.203  373 33
2000.265  155  7
2002.172 2421 13
2002.203  373 33
2004.203 2656 11
2004.203  373 33
2006.172 2423 13
2006.203  374 33
2008.203 2657 11
2008.203  374 33
2008.265  143  6
2010.172 2425 13
2010.203  375 33
2010.5    117 43
2012.203 2660 11
2012.203  375 33
2014.172 2427 13
2014.203  376 33
2016.203 2662 11
2016.203  376 33
2016.265  148  8
2018.172 2429 13
2018.203  377 33
2020.203 2665 11
2020.203  378 33
2022.172 2431 13
2022.203  378 33
2024.203 2667 11
2024.203  379 33
2024.265  148  9
2026.172 2433 13
2026.203  379 33
2028.203 2669 11
2028.203  380 33
2030.172 2435 13
2030.203  380 33
2032.203 2671 11
2032.203  380 33
2032.265  163 35
2034.172 2437 13
2034.203  381 33
2036.203 2673 11
2036.203  382 33
2038.172 2439 13
2038.203  382 33
2040.203 2675 11
2040.203  382 33
2040.265  143 10
2042.172 2441 13
2042.203  383 33
2044.203 2677 11
2044.203  383 33
2046.172 2443 13
2046.203  384 33
2048.203 3016 12
2048.203  256 37
2048.265  124 26
2050.172 3668 14
2050.203  385 33
2052.203 2682 11
2052.203  385 33
2054.172 2447 13
2054.203  386 33
2054.5    194 41
2056.203 2684 11
2056.203  386 33
2056.265 2050 19
2058.172 2449 13
2058.203  386 33
2058.5     86 42
2060.203 2687 11
2060.203  387 33
2062.172 2451 13
2062.203  387 33
2064.203 2689 11
2064.203  388 33
2064.265  163  7
2066.172 2453 13
2066.203  388 33
2068.203 2691 11
2068.203  389 33
2070.172 2455 13
2070.203  389 33
2072.203 2693 11
2072.203  390 33
2072.265  150  6
2074.172 2457 13
2074.203  390 33
2074.5    109 43
2076.203 2695 11
2076.203  390 33
2078.172 2459 13
2078.203  391 33
2080.203 2697 11
2080.203  392 33
2080.265  156  8
2082.172 2461 13
2082.203  392 33
2084.203 2699 11
2084.203  393 33
2086.172 2463 13
2086.203  393 33
2088.203 2701 11
2088.203  394 33
2088.265  156  9
2090.172 2465 13
2090.203  394 33
2092.203 2704 11
2092.203  394 33
2094.172 2467 13
2094.203  395 33
2096.203 2706 11
2096.203  395 33
2096.265  172 35
2098.172 2469 13
2098.203  396 33
2100.203 2708 11
2100.203  396 33
2102.172 2471 13
2102.203  397 33
2104.203 2710 11
2104.203  397 33
2104.265  148 10
2106.172 2473 13
2106.203  398 33
2108.203 2712 11
2108.203  398 33
2110.172 2475 13
2110.203  399 33
2112.203 3016 12
2112.203  256 37
2112.265  123 26
2114.172 3668 14
2114.203  400 33
2116.203 2717 11
2116.203  400 33
2118.172 2479 13
2118.203  401 33
2118.5    196 41
2120.203 2718 11
2120.203  401 33
2120.265   48 18
2122.172 2482 13
2122.203  402 33
2122.5     75 42
2124.203 2721 11
2124.203  403 33
2126.172 2484 13
2126.203  403 33
2128.203 2723 11
2128.203  403 33
2128.265  170  7
2130.172 2485 13
2130.203  404 33
2132.203 2725 11
2132.203  404 33
2134.172 2488 13
2134.203  405 33
2136.203 2727 11
2136.203  405 33
2136.265  158  6
2138.172 2489 13
2138.203  406 33
2138.5    100 43
2140.203 2729 11
2140.203  406 33
2142.172 2491 13
2142.203  407 33
2144.203 2731 11
2144.203  407 33
2144.265  163  8
2146.172 2493 13
2146.203  408 33
2148.203 2733 11
2148.203  408 33
2150.172 2495 13
2150.203  409 33
2152.203 2736 11
2152.203  409 33
2152.265  163  9
2154.172 2497 13
2154.203  410 33
2156.203 2737 11
2156.203  410 33
2158.172 2499 13
2158.203  411 33
2160.203 2740 11
2160.203  411 33
2160.265  181 35
2162.172 2501 13
2162.203  412 33
2164.203 2742 11
2164.203  413 33
2166.172 2503 13
2166.203  413 33
2168.203 2744 11
2168.203  414 33
2168.265  154 10
2170.172 2505 13
2170.203  414 33
2172.203 2747 11
2172.203  415 33
2174.172 2507 13
2174.203  416 33
2176.203 3016 12
2176.203  256 37
2176.265  124 26
2178.172 3669 14
2178.203  416 33
2180.203 2751 11
2180.203  417 33
2182.172 2511 13
2182.203  418 33
2182.5    199 41
2184.203 2753 11
2184.203  418 33
2184.265   49 20
2186.172 2512 13
2186.203  419 33
2186.5     65 42
2188.203 2755 11
2188.203  419 33
2190.172 2514 13
2190.203  419 33
2192.203 2757 11
2192.203  420 33
2192.265  178  7
2194.172 2516 13
2194.203  421 33
2196.203 2759 11
2196.203  421 33
2198.172 2518 13
2198.203  421 33
2200.203 2761 11
2200.203  422 33
2200.265  165  6
2202.172 2520 13
2202.203  422 33
2202.5     92 43
2204.203 2763 11
2204.203  423 33
2206.172 2521 13
2206.203  424 33
2208.203 2766 11
2208.203  424 33
2208.265  171  8
2210.172 2524 13
2210.203  424 33
2212.203 2768 11
2212.203  425 33
2214.172 2525 13
2214.203  426 33
2216.203 2770 11
2216.203  426 33
2216.265  171  9
2218.172 2527 13
2218.203  427 33
2220.203 2772 11
2220.203  427 33
2222.172 2529 13
2222.203  428 33
2224.203 2774 11
2224.203  428 33
2224.265  189 35
2226.172 2531 13
2226.203  429 33
2228.203 2776 11
2228.203  429 33
2230.172 2533 13
2230.203  430 33
2232.203 2778 11
2232.203  430 33
2232.265  159 10
2234.172 2535 13
2234.203  431 33
2236.203 2780 11
2236.203  431 33
2238.172 2537 13
2238.203  432 33
2240.203 3015 12
2240.203  257 37
2240.265  123 26
2242.172 3667 14
2242.203  433 33
2244.203 2785 11
2244.203  433 33
2246.172 2541 13
2246.203  434 33
2246.5    201 41
2248.203 2787 11
2248.203  434 33
2248.265 2048 21
2250.172 2543 13
2250.203  435 33
2250.5     56 42
2252.203 2789 11
2252.203  435 33
2254.172 2545 13
2254.203  436 33
2256.203 2791 11
2256.203  436 33
2256.265  186  7
2258.172 2546 13
2258.203  437 33
2260.203 2793 11
2260.203  437 33
2262.172 2549 13
2262.203  438 33
2264.203 2795 11
2264.203  438 33
2264.265  173  6
2266.172 2550 13
2266.203  439 33
2266.5     84 43
2268.203 2798 11
2268.203  439 33
2270.172 2552 13
2270.203  440 33
2272.203 2799 11
2272.203  441 33
2272.265  179  8
2274.172 2554 13
2274.203  441 33
2276.203 2802 11
2276.203  442 33
2278.172 2556 13
2278.203  442 33
2280.203 2803 11
2280.203  443 33
2280.265  179  9
2282.172 2558 13
2282.203  443 33
2284.203 2806 11
2284.203  444 33
2286.172 2560 13
2286.203  445 33
2288.203 2808 11
2288.203  445 33
2288.265  198 35
2290.172 2562 13
2290.203  446 33
2292.203 2810 11
2292.203  446 33
2294.172 2564 13
2294.203  447 33
2296.203 2812 11
2296.203  447 33
2296.265  164 10
2298.172 2565 13
2298.203  448 33
2300.203 2814 11
2300.203  449 33
2302.172 2567 13
2302.203  449 33
2304.203 3015 12
2306.172 3667 14
2306.203  450 33
2308.203 2818 11
2308.203  451 33
2310.172 2571 13
2310.203  451 33
2310.5    204 41
2312.203 2820 11
2312.203  452 33
2312.265 2050 19
2314.172 2573 13
2314.203  452 33
2314.5     49 42
2316.203 2822 11
2316.203  453 33
2318.172 2575 13
2318.203  453 33
2320.203 2824 11
2320.203  454 33
2320.265  194  7
2322.172 2577 13
2322.203  455 33
2324.203 2827 11
2324.203  455 33
2326.172 2579 13
2326.203  455 33
2328.203 2829 11
2328.203  456 33
2328.265  181  6
2330.172 2581 13
2330.203  457 33
2330.5     77 43
2332.203 2831 11
2332.203  457 33
2334.172 2583 13
2334.203  458 33
2336.203 2832 11
2336.203  458 33
2336.265  187  8
2338.172 2584 13
2338.203  459 33
2340.203 2835 11
2340.203  459 33
2342.172 2586 13
2342.203  459 33
2344.203 2836 11
2344.203  460 33
2344.265  187  9
2346.172 2588 13
2346.203  461 33
2348.203 2839 11
2348.203  461 33
2350.172 2590 13
2350.203  461 33
2352.203 2841 11
2352.203  462 33
2352.265  207 35
2354.172 2592 13
2354.203  462 33
2356.203 2843 11
2356.203  463 33
2358.172 2594 13
2358.203  463 33
2360.203 2845 11
2360.203  464 33
2360.265  169 10
2362.172 2596 13
2362.203  464 33
2364.203 2847 11
2364.203  465 33
2366.172 2598 13
2366.203  465 33
2368.203 3015 12
2368.203  257 37
2368.265  123 26
2370.172 3667 14
2370.203  466 33
2372.203 2851 11
2372.203  467 33
2374.172 2601 13
2374.203  468 33
2374.5    206 41
2376.203 2853 11
2376.203  468 33
2376.265   48 18
2378.172 2604 13
2378.203  469 33
2378.5     42 42
2380.203 2856 11
2380.203  469 33
2382.172 2606 13
2382.203  470 33
2384.203 2858 11
2384.203  470 33
2384.265  202  7
2386.172 2608 13
2386.203  471 33
2388.203 2860 11
2388.203  471 33
2390.172 2609 13
2390.203  472 33
2392.203 2861 11
2392.203  472 33
2392.265  189  6
2394.172 2611 13
2394.203  473 33
2394.5     71 43
2396.203 2863 11
2396.203  473 33
2398.172 2613 13
2398.203  474 33
2400.203 2866 11
2400.203  475 33
2400.265  195  8
2402.172 2615 13
2402.203  475 33
2404.203 2868 11
2404.203  476 33
2406.172 2617 13
2406.203  476 33
2408.203 2870 11
2408.203  476 33
2408.265  195  9
2410.172 2618 13
2410.203  477 33
2412.203 2872 11
2412.203  478 33
2414.172 2620 13
2414.203  478 33
2416.203 2874 11
2416.203  478 33
2416.265  216 35
2418.172 2622 13
2418.203  479 33
2420.203 2876 11
2420.203  480 33
2422.172 2624 13
2422.203  480 33
2424.203 2877 11
2424.203  481 33
2424.265  174 10
2426.172 2626 13
2426.203  482 33
2428.203 2880 11
2428.203  482 33
2430.172 2627 13
2430.203  482 33
2432.203 3015 12
2432.203  257 37
2432.265  123 26
2434.172 3668 14
2434.203  484 33
2436.203 2885 11
2436.203  484 33
2438.172 2631 13
2438.203  484 33
2438.5    208 41
2440.203 2886 11
2440.203  485 33
2440.265   48 20
2442.172 2633 13
2442.203  485 33
2442.5     37 42
2444.203 2889 11
2444.203  486 33
2446.172 2635 13
2446.203  487 33
2448.203 2891 11
2448.203  487 33
2448.265  210  7
2450.172 2636 13
2450.203  488 33
2452.203 2893 11
2452.203  488 33
2454.172 2638 13
2454.203  488 33
2456.203 2895 11
2456.203  489 33
2456.265  197  6
2458.172 2640 13
2458.203  490 33
2458.5     64 43
2460.203 2897 11
2460.203  491 33
2462.172 2642 13
2462.203  492 33
2464.203 2898 11
2464.203  492 33
2464.265  203  8
2466.172 2644 13
2466.203  492 33
2468.203 2900 11
2468.203  493 33
2470.172 2645 13
2470.203  493 33
2472.203 2903 11
2472.203  494 33
2472.265  203  9
2474.172 2647 13
2474.203  495 33
2476.203 2906 11
2476.203  495 33
2478.172 2649 13
2478.203  496 33
2480.203 2907 11
2480.203  496 33
2480.265  225 35
2482.172 2651 13
2482.203  497 33
2484.203 2909 11
2484.203  498 33
2486.172 2653 13
2486.203  498 33
2488.203 2911 11
2488.203  499 33
2488.265  179 10
2490.172 2655 13
2490.203  499 33
2492.203 2913 11
2492.203  500 33
2494.172 2657 13
2494.203  500 33
2496.203 3015 12
2496.203  257 37
2496.265  123 26
2498.172 3668 14
2498.203  501 33
2500.203 2917 11
2500.203  502 33
2502.172 2660 13
2502.203  502 33
2502.5    211 41
2504.203 2920 11
2504.203  503 33
2504.265 2049 21
2506.172 2662 13
2506.203  504 33
2506.5     32 42
2508.203 2921 11
2508.203  504 33
2510.172 2664 13
2510.203  504 33
2512.203 2923 11
2512.203  505 33
2512.265  218  7
2514.172 2665 13
2514.203  506 33
2516.203 2925 11
2516.203  506 33
2518.172 2667 13
2518.203  507 33
2520.203 2927 11
2520.203  507 33
2520.265  205  6
2522.172 2669 13
2522.203  509 33
2522.5     59 43
2524.203 2930 11
2524.203  509 33
2526.172 2671 13
2526.203  510 33
2528.203 2932 11
2528.203  510 33
2528.265  211  8
2530.172 2673 13
2530.203  510 33
2532.203 2934 11
2532.203  510 33
2534.172 2675 13
2534.203  511 33
2536.203 2936 11
2536.203  511 33
2536.265  211  9
2538.172 2676 13
2538.203  511 33
2540.203 2937 11
2540.203  512 33
2542.172 2678 13
2542.203  513 33
2544.203 2939 11
2544.203  513 33
2544.265  234 35
2546.172 2680 13
2546.203  514 33
2548.203 2941 11
2548.203  514 33
2550.172 2681 13
2550.203  515 33
2552.203 2943 11
2552.203  515 33
2552.265  183 10
2554.172 2683 13
2554.203  516 33
2556.203 2945 11
2556.203  516 33
2558.172 2685 13
2558.203  517 33
2560.203 3015 12
2560.203  256 37
2560.265  122 26
2562.172 3668 14
2562.203  518 33
2564.203 2949 11
2564.203  518 33
2566.172 2689 13
2566.203  519 33
2566.5    213 41
2568.203 2951 11
2568.203  520 33
2568.265 2049 19
2570.172 2690 13
2570.203  520 33
2570.5     28 42
2572.203 2953 11
2572.203  520 33
2574.172 2692 13
2574.203  521 33
2576.203 2955 11
2576.203  521 33
2576.265  226  7
2578.172 2694 13
2578.203  522 33
2580.203 2957 11
2580.203  523 33
2582.172 2695 13
2582.203  523 33
2584.203 2959 11
2584.203  523 33
2584.265  213  6
2586.172 2697 13
2586.203  525 33
2586.5     53 43
2588.203 2961 11
2588.203  526 33
2590.172 2699 13
2590.203  526 33
2592.203 2964 11
2592.203  527 33
2592.265  219  8
2594.172 2701 13
2594.203  526 33
2596.203 2965 11
2596.203  527 33
2598.172 2703 13
2598.203  527 33
2600.203 2967 11
2600.203  528 33
2600.265  219  9
2602.172 2705 13
2602.203  528 33
2604.203 2969 11
2604.203  529 33
2606.172 2706 13
2606.203  530 33
2608.203 2971 11
2608.203  530 33
2608.265  242 35
2610.172 2708 13
2610.203  531 33
2612.203 2973 11
2612.203  532 33
2614.172 2710 13
2614.203  532 33
2616.203 2975 11
2616.203  533 33
2616.265  188 10
2618.172 2712 13
2618.203  533 33
2620.203 2977 11
2620.203  533 33
2622.172 2713 13
2622.203  534 33
2624.203 3015 12
2624.203  255 37
2624.265  122 26
2626.172 3668 14
2626.203  535 33
2628.203 2981 11
2628.203  536 33
2630.172 2717 13
2630.203  537 33
2630.5    215 41
2632.203 2983 11
2632.203  537 33
2632.265   48 18
2634.172 2719 13
2634.203  538 33
2634.5     24 42
2636.203 2985 11
2636.203  539 33
2638.172 2721 13
2638.203  539 33
2640.203 2987 11
2640.203  540 33
2640.265  234  7
2642.172 2722 13
2642.203  540 33
2644.203 2988 11
2644.203  540 33
2646.172 2724 13
2646.203  541 33
2648.203 2990 11
2648.203  542 33
2648.265  221  6
2650.172 2725 13
2650.203  545 33
2650.5     48 43
2652.203 2992 11
2652.203  545 33
2654.172 2727 13
2654.203  546 33
2656.203 2994 11
2656.203  546 33
2656.265  228  8
2658.172 2729 13
2658.203  544 33
2660.203 2996 11
2660.203  545 33
2662.172 2731 13
2662.203  545 33
2664.203 2999 11
2664.203  546 33
2664.265  228  9
2666.172 2732 13
2666.203  546 33
2668.203 3000 11
2668.203  547 33
2670.172 2735 13
2670.203  548 33
2672.203 3002 11
2672.203  548 33
2672.265  251 35
2674.172 2736 13
2674.203  549 33
2676.203 3004 11
2676.203  550 33
2678.172 2738 13
2678.203  550 33
2680.203 3006 11
2680.203  551 33
2680.265  193 10
2682.172 2739 13
2682.203  551 33
2684.203 3008 11
2684.203  552 33
2686.172 2741 13
2686.203  553 33
2688.203 3014 12
2688.203  254 37
2688.265  123 26
2690.172 3668 14
2690.203  553 33
2692.203 3012 11
2692.203  554 33
2694.172 2744 13
2694.203  555 33
2694.5    218 41
2696.203 3014 11
2696.203  555 33
2696.265   48 20
2698.172 2746 13
2698.203  556 33
2698.5     21 42
2700.203 3015 11
2700.203  556 33
2702.172 2748 13
2702.203  557 33
2704.203 3017 11
2704.203  558 33
2704.265  242  7
2706.172 2750 13
2706.203  558 33
2708.203 3019 11
2708.203  559 33
2710.172 2752 13
2710.203  559 33
2712.203 3021 11
2712.203  561 33
2712.265  229  6
2714.172 2753 13
2714.203  564 33
2714.5     44 43
2716.203 3023 11
2716.203  565 33
2718.172 2755 13
2718.203  566 33
2720.203 3025 11
2720.203  566 33
2720.265  236  8
2722.172 2756 13
2722.203  563 33
2724.203 3027 11
2724.203  564 33
2726.172 2758 13
2726.203  564 33
2728.203 3029 11
2728.203  565 33
2728.265  236  9
2730.172 2760 13
2730.203  565 33
2732.203 3031 11
2732.203  566 33
2734.172 2762 13
2734.203  567 33
2736.203 3032 11
2736.203  567 33
2736.265    4 35
2738.172 2764 13
2738.203  568 33
2740.203 3034 11
2740.203  569 33
2742.172 2765 13
2742.203  570 33
2744.203 3036 11
2744.203  570 33
2744.265  197 10
2746.172 2767 13
2746.203  570 33
2748.203 3038 11
2748.203  571 33
2750.172 2769 13
2750.203  571 33
2752.203 3016 12
2752.203  255 37
2752.265  122 26
2754.172 3668 14
2754.203  573 33
2756.203 3042 11
2756.203  574 33
2758.172 2772 13
2758.203  574 33
2758.5    220 41
2760.203 3043 11
2760.203  575 33
2760.265 2049 21
2762.172 2773 13
2762.203  575 33
2762.5     19 42
2764.203 3045 11
2764.203  576 33
2766.172 2775 13
2766.203  576 33
2768.203 3047 11
2768.203  576 33
2768.265  250  7
2770.172 2777 13
2770.203  577 33
2772.203 3049 11
2772.203  578 33
2774.172 2779 13
2774.203  579 33
2776.203 3051 11
2776.203  579 33
2776.265  238  6
2778.172 2780 13
2778.203  585 33
2778.5     40 43
2780.203 3053 11
2780.203  585 33
2782.172 2782 13
2782.203  585 33
2784.203 3054 11
2784.203  586 33
2784.265  244  8
2786.172 2784 13
2786.203  581 33
2788.203 3057 11
2788.203  583 33
2790.172 2785 13
2790.203  583 33
2792.203 3059 11
2792.203  584 33
2792.265  244  9
2794.172 2787 13
2794.203  584 33
2796.203 3060 11
2796.203  585 33
2798.172 2789 13
2798.203  586 33
2800.203 3062 11
2800.203  586 33
2800.265   13 35
2802.172 2790 13
2802.203  587 33
2804.203 3063 11
2804.203  588 33
2806.172 2792 13
2806.203  589 33
2808.203 3066 11
2808.203  589 33
2808.265  202 10
2810.172 2794 13
2810.203  589 33
2812.203 3068 11
2812.203  590 33
2814.172 2795 13
2814.203  591 33
2816.203 3014 12
2816.203  253 37
2816.265  122 26
2818.172 3668 14
2818.203  592 33
2820.203 3070 11
2820.203  593 33
2822.172 2799 13
2822.203  594 33
2822.5    222 41
2824.203 3073 11
2824.203  594 33
2824.265 2050 19
2826.172 2800 13
2826.203  594 33
2826.5     16 42
2828.203 3075 11
2828.203  595 33
2830.172 2802 13
2830.203  596 33
2832.203 3076 11
2832.203  597 33
2832.265    2  7
2834.172 2804 13
2834.203  597 33
2836.203 3078 11
2836.203  598 33
2838.172 2805 13
2838.203  599 33
2840.203 3080 11
2840.203  599 33
2840.265  246  6
2842.172 2807 13
2842.203  607 33
2842.5     36 43
2844.203 3082 11
2844.203  607 33
2846.172 2809 13
2846.203  608 33
2848.203 3084 11
2848.203  608 33
2848.265  253  8
2850.172 2810 13
2850.203  602 33
2852.203 3086 11
2852.203  602 33
2854.172 2812 13
2854.203  603 33
2856.203 3087 11
2856.203  604 33
2856.265  252  9
2858.172 2814 13
2858.203  605 33
2860.203 3090 11
2860.203  606 33
2862.172 2816 13
2862.203  606 33
2864.203 3092 11
2864.203  607 33
2864.265   22 35
2866.172 2818 13
2866.203  608 33
2868.203 3093 11
2868.203  608 33
2870.172 2819 13
2870.203  609 33
2872.203 3095 11
2872.203  610 33
2872.265  207 10
2874.172 2820 13
2874.203  610 33
2876.203 3096 11
2876.203  611 33
2878.172 2822 13
2878.203  611 33
2880.203 3015 12
2880.203  252 37
2880.265  122 26
2882.172 3668 14
2882.203  613 33
2884.203 3101 11
2884.203  613 33
2886.172 2826 13
2886.203  614 33
2886.5    224 41
2888.203 3103 11
2888.203  615 33
2888.265   48 18
2890.172 2826 13
2890.203  615 33
2890.5     14 42
2892.203 3104 11
2892.203  615 33
2894.172 2828 13
2894.203  616 33
2896.203 3106 11
2896.203  617 33
2896.265   10  7
2898.172 2829 13
2898.203  617 33
2900.203 3108 11
2900.203  618 33
2902.172 2832 13
2902.203  619 33
2904.203 3109 11
2904.203  620 33
2904.265  254  6
2906.172 2833 13
2906.203  629 33
2906.5     33 43
2908.203 3111 11
2908.203  629 33
2910.172 2835 13
2910.203  630 33
2912.203 3114 11
2912.203  631 33
2912.265    5  8
2914.172 2836 13
2914.203  622 33
2916.203 3115 11
2916.203  623 33
2918.172 2838 13
2918.203  624 33
2920.203 3117 11
2920.203  624 33
2920.265    4  9
2922.172 2840 13
2922.203  625 33
2924.203 3118 11
2924.203  626 33
2926.172 2842 13
2926.203  627 33
2928.203 3120 11
2928.203  627 33
2928.265   30 35
2930.172 2844 13
2930.203  627 33
2932.203 3123 11
2932.203  629 33
2934.172 2845 13
2934.203  630 33
2936.203 3124 11
2936.203  630 33
2936.265  211 10
2938.172 2847 13
2938.203  631 33
2940.203 3126 11
2940.203  631 33
2942.172 2848 13
2942.203  632 33
2944.203 3014 12
2944.203  250 37
2944.265  122 26
2946.172 3667 14
2946.203  634 33
2948.203 3130 11
2948.203  635 33
2950.172 2851 13
2950.203  635 33
2950.5    227 41
2952.203 3131 11
2952.203  636 33
2952.265   48 20
2954.172 2854 13
2954.203  636 33
2954.5     13 42
2956.203 3133 11
2956.203  637 33
2958.172 2856 13
2958.203  638 33
2960.203 3135 11
2960.203  639 33
2960.265   18  7
2962.172 2858 13
2962.203  640 33
2964.203 3137 11
2964.203  640 33
2966.172 2859 13
2966.203  641 33
2968.203 3138 11
2968.203  641 33
2968.265    6  6
2970.172 2860 13
2970.203  654 33
2970.5     30 43
2972.203 3140 11
2972.203  655 33
2974.172 2862 13
2974.203  655 33
2976.203 3142 11
2976.203  656 33
2976.265   13  8
2978.172 2864 13
2978.203  643 33
2980.203 3143 11
2980.203  644 33
2982.172 2866 13
2982.203  645 33
2984.203 3146 11
2984.203  646 33
2984.265   13  9
2986.172 2867 13
2986.203  646 33
2988.203 3147 11
2988.203  647 33
2990.172 2869 13
2990.203  648 33
2992.203 3149 11
2992.203  649 33
2992.265   39 35
2994.172 2871 13
2994.203  650 33
2996.203 3151 11
2996.203  651 33
2998.172 2872 13
2998.203  652 33
3000.203 3153 11
3000.203  652 33
3000.265  216 10
3002.172 2874 13
3002.203  652 33
3004.203 3154 11
3004.203  653 33
3006.172 2876 13
3006.203  654 33
3008.203 3015 12
3008.203  247 37
3008.265  122 26
3010.172 3667 14
3010.203  656 33
3012.203 3158 11
3012.203  656 33
3014.172 2879 13
3014.203  656 33
3014.5    229 41
3016.203 3160 11
3016.203  658 33
3016.265 2049 21
3018.172 2881 13
3018.203  658 33
3018.5     11 42
3020.203 3162 11
3020.203  659 33
3022.172 2882 13
3022.203  659 33
3024.203 3164 11
3024.203  660 33
3024.265   26  7
3026.172 2883 13
3026.203  661 33
3028.203 3165 11
3028.203  662 33
3030.172 2885 13
3030.203  662 33
3032.203 3167 11
3032.203  663 33
3032.265   14  6
3034.172 2887 13
3034.203  679 33
3034.5     28 43
3036.203 3168 11
3036.203  679 33
3038.172 2889 13
3038.203  680 33
3040.203 3170 11
3040.203  681 33
3040.265   21  8
3042.172 2890 13
3042.203  665 33
3044.203 3172 11
3044.203  666 33
3046.172 2892 13
3046.203  666 33
3048.203 3174 11
3048.203  668 33
3048.265   21  9
3050.172 2893 13
3050.203  668 33
3052.203 3176 11
3052.203  669 33
3054.172 2895 13
3054.203  670 33
3056.203 3177 11
3056.203  671 33
3056.265   47 35
3058.172 2897 13
3058.203  672 33
3060.203 3180 11
3060.203  672 33
3062.172 2898 13
3062.203  673 33
3064.203 3181 11
3064.203  674 33
3064.265  220 10
3066.172 2899 13
3066.203  674 33
3068.203 3182 11
3068.203  675 33
3070.172 2901 13
3070.203  676 33
3072.203 3014 12
3074.172 3667 14
3074.203  679 33
3076.203 3187 11
3076.203  678 33
3078.172 2905 13
3078.203  679 33
3078.5    230 41
3080.203 3188 11
3080.203  680 33
3080.265 2049 19
3082.172 2906 13
3082.203  680 33
3082.5     10 42
3084.203 3189 11
3084.203  681 33
3086.172 2908 13
3086.203  682 33
3088.203 3191 11
3088.203  682 33
3088.265   34  7
3090.172 2909 13
3090.203  683 33
3092.203 3192 11
3092.203  684 33
3094.172 2911 13
3094.203  684 33
3096.203 3194 11
3096.203  685 33
3096.265   22  6
3098.172 2913 13
3098.203  705 33
3098.5     25 43
3100.203 3196 11
3100.203  706 33
3102.172 2914 13
3102.203  707 33
3104.203 3199 11
3104.203  707 33
3104.265   29  8
3106.172 2916 13
3106.203  686 33
3108.203 3200 11
3108.203  687 33
3110.172 2917 13
3110.203  688 33
3112.203 3202 11
3112.203  689 33
3112.265   29  9
3114.172 2919 13
3114.203  690 33
3116.203 3204 11
3116.203  691 33
3118.172 2921 13
3118.203  691 33
3120.203 3205 11
3120.203  693 33
3120.265   56 35
3122.172 2922 13
3122.203  694 33
3124.203 3206 11
3124.203  695 33
3126.172 2924 13
3126.203  695 33
3128.203 3209 11
3128.203  697 33
3128.265  224 10
3130.172 2925 13
3130.203  696 33
3132.203 3211 11
3132.203  697 33
3134.172 2927 13
3134.203  698 33
3136.203 3013 12
3136.203  241 37
3136.265  120 26
3138.172 3667 14
3138.203  702 33
3140.203 3214 11
3140.203  700 33
3142.172 2930 13
3142.203  701 33
3142.5    233 41
3144.203 3215 11
3144.203  702 33
3144.265   48 18
3146.172 2931 13
3146.203  702 33
3146.5      9 42
3148.203 3217 11
3148.203  702 33
3150.172 2932 13
3150.203  704 33
3152.203 3220 11
3152.203  704 33
3152.265   42  7
3154.172 2934 13
3154.203  705 33
3156.203 3221 11
3156.203  706 33
3158.172 2936 13
3158.203  706 33
3160.203 3222 11
3160.203  708 33
3160.265   30  6
3162.172 2937 13
3162.203  733 33
3162.5     23 43
3164.203 3224 11
3164.203  734 33
3166.172 2939 13
3166.203  735 33
3168.203 3226 11
3168.203  734 33
3168.265   37  8
3170.172 2940 13
3170.203  709 33
3172.203 3227 11
3172.203  709 33
3174.172 2942 13
3174.203  710 33
3176.203 3229 11
3176.203  711 33
3176.265   37  9
3178.172 2943 13
3178.203  713 33
3180.203 3231 11
3180.203  714 33
3182.172 2945 13
3182.203  714 33
3184.203 3232 11
3184.203  715 33
3184.265   64 35
3186.172 2946 13
3186.203  716 33
3188.203 3234 11
3188.203  717 33
3190.172 2948 13
3190.203  718 33
3192.203 3236 11
3192.203  719 33
3192.265  228 10
3194.172 2950 13
3194.203  719 33
3196.203 3239 11
3196.203  719 33
3198.172 2951 13
3198.203  721 33
3200.203 3013 12
3200.203  236 37
3200.265  121 26
3202.172 3666 14
3202.203  724 33
3204.203 3241 11
3204.203  723 33
3206.172 2955 13
3206.203  724 33
3206.5    235 41
3208.203 3243 11
3208.203  724 33
3208.265   48 20
3210.172 2957 13
3210.203  725 33
3210.5      8 42
3212.203 3245 11
3212.203  726 33
3214.172 2959 13
3214.203  727 33
3216.203 3246 11
3216.203  727 33
3216.265   50  7
3218.172 2960 13
3218.203  729 33
3220.203 3248 11
3220.203  729 33
3222.172 2962 13
3222.203  731 33
3224.203 3250 11
3224.203  731 33
3224.265   39  6
3226.172 2963 13
3226.203  763 33
3226.5     21 43
3228.203 3252 11
3228.203  763 33
3230.172 2965 13
3230.203  763 33
3232.203 3253 11
3232.203  765 33
3232.265   45  8
3234.172 2966 13
3234.203  731 33
3236.203 3255 11
3236.203  733 33
3238.172 2968 13
3238.203  734 33
3240.203 3256 11
3240.203  734 33
3240.265   45  9
3242.172 2969 13
3242.203  736 33
3244.203 3258 11
3244.203  736 33
3246.172 2971 13
3246.203  738 33
3248.203 3260 11
3248.203  738 33
3248.265   73 35
3250.172 2973 13
3250.203  740 33
3252.203 3262 11
3252.203  741 33
3254.172 2974 13
3254.203  741 33
3256.203 3263 11
3256.203  743 33
3256.265  233 10
3258.172 2976 13
3258.203  742 33
3260.203 3265 11
3260.203  743 33
3262.172 2977 13
3262.203  744 33
3264.203 3013 12
3264.203  232 37
3264.265  122 26
3266.172 3667 14
3266.203  750 33
3268.203 3268 11
3268.203  747 33
3270.172 2981 13
3270.203  748 33
3270.5    237 41
3272.203 3269 11
3272.203  748 33
3272.265 2048 21
3274.172 2982 13
3274.203  749 33
3274.5      7 42
3276.203 3271 11
3276.203  750 33
3278.172 2983 13
3278.203  751 33
3280.203 3273 11
3280.203  751 33
3280.265   55  7
3282.172 2985 13
3282.203  753 33
3284.203 3275 11
3284.203  754 33
3286.172 2987 13
3286.203  754 33
3288.203 3277 11
3288.203  755 33
3288.265   46  6
3290.172 2988 13
3290.203  792 33
3290.5     19 43
3292.203 3278 11
3292.203  793 33
3294.172 2989 13
3294.203  794 33
3296.203 3280 11
3296.203  795 33
3296.265   52  8
3298.172 2992 13
3298.203  756 33
3300.203 3281 11
3300.203  757 33
3302.172 2993 13
3302.203  758 33
3304.203 3283 11
3304.203  759 33
3304.265   52  9
3306.172 2994 13
3306.203  760 33
3308.203 3285 11
3308.203  761 33
3310.172 2996 13
3310.203  762 33
3312.203 3286 11
3312.203  763 33
3312.265   81 35
3314.172 2997 13
3314.203  765 33
3316.203 3287 11
3316.203  766 33
3318.172 2999 13
3318.203  766 33
3320.203 3289 11
3320.203  767 33
3320.265  237 10
3322.172 3001 13
3322.203  767 33
3324.203 3291 11
3324.203  769 33
3326.172 3002 13
3326.203  769 33
3328.203 3013 12
3328.203  227 37
3328.265  121 26
3330.172 3667 14
3330.203  775 33
3332.203 3295 11
3332.203  772 33
3334.172 3005 13
3334.203  773 33
3334.5    239 41
3336.203 3296 11
3336.203  773 33
3336.265 2049 19
3338.172 3007 13
3338.203  775 33
3338.5      6 42
3340.203 3298 11
3340.203  775 33
3342.172 3008 13
3342.203  775 33
3344.203 3300 11
3344.203  776 33
3344.265   57  7
3346.172 3010 13
3346.203  779 33
3348.203 3301 11
3348.203  780 33
3350.172 3012 13
3350.203  779 33
3352.203 3304 11
3352.203  781 33
3352.265   52  6
3354.172 3013 13
3354.203  824 33
3354.5     18 43
3356.203 3305 11
3356.203  825 33
3358.172 3014 13
3358.203  826 33
3360.203 3307 11
3360.203  827 33
3360.265   55  8
3362.172 3016 13
3362.203  781 33
3364.203 3308 11
3364.203  782 33
3366.172 3018 13
3366.203  783 33
3368.203 3310 11
3368.203  786 33
3368.265   56  9
3370.172 3019 13
3370.203  787 33
3372.203 3311 11
3372.203  787 33
3374.172 3020 13
3374.203  788 33
3376.203 3313 11
3376.203  790 33
3376.265   89 35
3378.172 3022 13
3378.203  790 33
3380.203 3315 11
3380.203  793 33
3382.172 3024 13
3382.203  793 33
3384.203 3316 11
3384.203  794 33
3384.265  241 10
3386.172 3026 13
3386.203  794 33
3388.203 3317 11
3388.203  794 33
3390.172 3027 13
3390.203  796 33
3392.203 3012 12
3392.203  221 37
3392.265  122 26
3394.172 3668 14
3394.203  802 33
3396.203 3321 11
3396.203  800 33
3398.172 3029 13
3398.203  799 33
3398.5    241 41
3400.203 3322 11
3400.203  801 33
3400.265   48 18
3402.172 3031 13
3402.203  801 33
3402.5      6 42
3404.203 3324 11
3404.203  801 33
3406.172 3033 13
3406.203  803 33
3408.203 3325 11
3408.203  803 33
3408.265   59  7
3410.172 3034 13
3410.203  805 33
3412.203 3327 11
3412.203  807 33
3414.172 3035 13
3414.203  807 33
3416.203 3328 11
3416.203  807 33
3416.265   55  6
3418.172 3037 13
3418.203  857 33
3418.5     16 43
3420.203 3330 11
3420.203  859 33
3422.172 3039 13
3422.203  860 33
3424.203 3331 11
3424.203  861 33
3424.265   57  8
3426.172 3040 13
3426.203  808 33
3428.203 3333 11
3428.203  809 33
3430.172 3041 13
3430.203  811 33
3432.203 3334 11
3432.203  812 33
3432.265   57  9
3434.172 3043 13
3434.203  812 33
3436.203 3336 11
3436.203  814 33
3438.172 3044 13
3438.203  815 33
3440.203 3339 11
3440.203  815 33
3440.265   98 35
3442.172 3045 13
3442.203  817 33
3444.203 3340 11
3444.203  819 33
3446.172 3047 13
3446.203  820 33
3448.203 3341 11
3448.203  820 33
3448.265  245 10
3450.172 3049 13
3450.203  819 33
3452.203 3342 11
3452.203  820 33
3454.172 3050 13
3454.203  821 33
3456.203 3011 12
3456.203  215 37
3456.265  121 26
3458.172 3668 14
3458.203  828 33
3460.203 3346 11
3460.203  824 33
3462.172 3053 13
3462.203  827 33
3462.5    243 41
3464.203 3348 11
3464.203  826 33
3464.265   48 20
3466.172 3055 13
3466.203  828 33
3466.5      5 42
3468.203 3348 11
3468.203  826 33
3470.172 3056 13
3470.203  830 33
3472.203 3349 11
3472.203  830 33
3472.265   61  7
3474.172 3058 13
3474.203  832 33
3476.203 3351 11
3476.203  831 33
3478.172 3059 13
3478.203  833 33
3480.203 3353 11
3480.203  835 33
3480.265   56  6
3482.172 3061 13
3482.203  889 33
3482.5     15 43
3484.203 3354 11
3484.203  891 33
3486.172 3062 13
3486.203  894 33
3488.203 3356 11
3488.203  895 33
3488.265   59  8
3490.172 3064 13
3490.203  834 33
3492.203 3357 11
3492.203  836 33
3494.172 3066 13
3494.203  837 33
3496.203 3359 11
3496.203  838 33
3496.265   60  9
3498.172 3066 13
3498.203  839 33
3500.203 3362 11
3500.203  841 33
3502.172 3068 13
3502.203  840 33
