  34.2       489       -3       486      -0.3   
  38.2       490      -10       480      -0.4   
  42.2       519      -16       503      -0.5   
  46.2       520      -22       498      -0.7   
  50.2       549      -28       521      -0.8   
  54.2       550      -34       516      -1.0   
  58.2       551      -41       510      -1.2   
  62.2       580      -47       533      -1.3   
  66.2       581      -54       527      -1.5   
  70.2       611      -59       552      -1.8   
  74.2       640      -64       576      -2.0   
  78.2       642      -69       573      -2.2   
  82.2       671      -73       598      -2.5   
  86.2       673      -78       596      -2.7   
  90.2       703      -82       621      -3.0   
  94.2       705      -86       619      -3.3   
  98.2       735      -91       644      -3.6   
 102.2       765      -95       670      -3.9   
 106.2       795     -100       695      -4.2   
 110.2       797     -103       694      -4.5   
 114.2       828     -105       723      -4.8   
 118.2       830     -108       722      -5.2   
 122.2       860     -111       749      -5.5   
 126.2       891     -114       777      -5.9   
 130.2       893     -116       777      -6.2   
 134.2       924     -119       805      -6.6   
 138.2       927     -122       805      -7.0   
 142.2       958     -125       833      -7.3   
 146.2       961     -128       833      -7.7   
 150.2       992     -131       861      -8.1   
 158.2      1026     -136       890      -8.9   
 162.2      1057     -139       918      -9.4   
 166.2      1061     -142       919      -9.8   
 170.2      1064     -145       919     -10.2   
 174.2      1095     -148       947     -10.6   
 178.2      1099     -152       947     -11.1   
 182.2      1131     -157       974     -11.5   
 186.2      1134     -163       971     -12.0   
 190.2      1166     -168       998     -12.4   
 194.2      1170     -173       997     -12.9   
 198.2      1174     -179       995     -13.3   
 202.2      1205     -184      1021     -13.7   
 206.2      1209     -189      1020     -14.2   
 210.2      1213     -195      1018     -14.6   
 214.2      1217     -201      1016     -15.1   
 218.2      1249     -208      1041     -15.5   
 222.2      1281     -215      1066     -16.0   
 226.2      1285     -223      1062     -16.4   
 230.2      1290     -230      1060     -16.9   
 234.2      1322     -237      1085     -17.3   
 238.2      1326     -244      1082     -17.7   
 242.2      1358     -251      1107     -18.2   
 246.2      1362     -258      1104     -18.6   
 250.2      1366     -264      1102     -19.0   
 254.2      1399     -269      1130     -19.4   
 258.2      1403     -274      1129     -19.9   
 262.2      1407     -279      1128     -20.3   
 266.2      1439     -284      1155     -20.7   
 270.2      1443     -289      1154     -21.1   
 274.2      1447     -294      1153     -21.5   
 278.2      1452     -299      1153     -21.9   
 282.2      1484     -305      1179     -22.3   
 286.2      1488     -308      1180     -22.7   
 290.2      1520     -311      1209     -23.1   
 294.2      1524     -313      1211     -23.5   
 298.2      1556     -316      1240     -23.8   
 302.2      1561     -319      1242     -24.2   
 306.2      1593     -322      1271     -24.6   
 310.2      1597     -325      1272     -24.9   
 314.2      1601     -328      1273     -25.3   
 322.2      1637     -333      1304     -26.0   
 326.2      1641     -334      1307     -26.3   
 330.2      1645     -336      1309     -26.7   
 334.2      1677     -338      1339     -27.0   
 338.2      1681     -340      1341     -27.3   
 342.2      1685     -342      1343     -27.7   
 346.2      1688     -343      1345     -28.0   
 350.2      1720     -345      1375     -28.3   
 354.2      1752     -347      1405     -28.6   
 358.2      1756     -349      1407     -29.0   
 362.2      1788     -350      1438     -29.3   
 366.2      1792     -352      1440     -29.6   
 370.2      1795     -354      1441     -29.9   
 374.2      1827     -356      1471     -30.2   
 378.2      1831     -357      1474     -30.5   
 382.2      1835     -359      1476     -30.8   
 386.2      1866     -361      1505     -31.0   
 390.2      1870     -363      1507     -31.3   
 394.2      1902     -365      1537     -31.6   
 398.2      1905     -368      1537     -31.9   
 402.2      1909     -370      1539     -32.2   
 406.2      1941     -372      1569     -32.4   
 410.2      1916     -375      1541     -32.7   
 414.2      1948     -377      1571     -33.0   
 418.2      1979     -380      1599     -33.2   
 422.2      1983     -382      1601     -33.5   
 426.2      2014     -385      1629     -33.8   
 430.2      2018     -388      1630     -34.0   
 434.2      2049     -390      1659     -34.3   
 438.2      2053     -393      1660     -34.5   
 442.2      2056     -396      1660     -34.7   
 446.2      2087     -398      1689     -35.0   
 450.2      2090     -401      1689     -35.2   
 454.2      2122     -404      1718     -35.4   
 458.2      2125     -406      1719     -35.7   
 462.2      2156     -409      1747     -35.9   
 466.2      2159     -410      1749     -36.1   
 470.2      2190     -412      1778     -36.3   
 474.2      2193     -414      1779     -36.5   
 478.2      2223     -415      1808     -36.7   
 482.2      2226     -417      1809     -36.9   
 486.2      2257     -419      1838     -37.1   
 490.2      2260     -420      1840     -37.3   
 494.2      2290     -422      1868     -37.4   
 498.2      2293     -422      1871     -37.6   
 502.2      2324     -421      1903     -37.8   
 506.2      2326     -421      1905     -38.0   
 510.2      2329     -421      1908     -38.2   
 514.2      2359     -420      1939     -38.3   
 518.2      2362     -420      1942     -38.5   
 522.2      2392     -419      1973     -38.7   
 526.2      2423     -419      2004     -38.8   
 530.2      2425     -418      2007     -39.0   
 534.2      2427     -416      2011     -39.1   
 538.2      2458     -414      2044     -39.3   
 542.2      2460     -412      2048     -39.4   
 546.2      2490     -410      2080     -39.6   
 550.2      2492     -408      2084     -39.7   
 554.2      2522     -406      2116     -39.8   
 558.2      2552     -404      2148     -40.0   
 562.2      2554     -402      2152     -40.1   
 566.2      2556     -400      2156     -40.2   
 570.2      2558     -398      2160     -40.3   
 574.2      2615     -395      2220     -40.5   
 578.2      2589     -393      2196     -40.6   
 582.2      2619     -390      2229     -40.7   
 586.2      2620     -388      2232     -40.8   
 590.2      2622     -385      2237     -40.9   
 594.2      2651     -383      2268     -41.0   
 598.2      2681     -381      2300     -41.1   
 602.2      2682     -378      2304     -41.2   
 606.2      2684     -376      2308     -41.2   
 610.2      2713     -374      2339     -41.3   
 614.2      2714     -372      2342     -41.4   
 618.2      2743     -370      2373     -41.5   
 622.2      2744     -368      2376     -41.6   
 626.2      2774     -366      2408     -41.6   
 630.2      2775     -364      2411     -41.7   
 634.2      2804     -362      2442     -41.8   
 638.2      2805     -360      2445     -41.8   
 642.2      2834     -358      2476     -41.9   
 646.2      2835     -357      2478     -41.9   
 650.2      2863     -355      2508     -42.0   
 654.2      2864     -353      2511     -42.1   
 658.2      2893     -351      2542     -42.1   
 662.2      2894     -350      2544     -42.2   
 666.2      2895     -348      2547     -42.2   
 670.2      2923     -346      2577     -42.3   
 674.2      2952     -345      2607     -42.3   
 678.2      2953     -343      2610     -42.4   
 682.2      2954     -342      2612     -42.4   
 686.2      2982     -340      2642     -42.5   
 690.2      3011     -338      2673     -42.5   
 694.2      3012     -337      2675     -42.5   
 698.2      3040     -335      2705     -42.6   
 702.2      3041     -334      2708     -42.6   
 706.2      3069     -332      2737     -42.7   
 710.2      3098     -330      2768     -42.7   
 714.2      3098     -328      2770     -42.8   
 718.2      3099     -327      2772     -42.8   
 722.2      3128     -325      2803     -42.8   
 726.2      3156     -323      2833     -42.9   
 730.2      3156     -322      2834     -42.9   
 734.2      3185     -320      2865     -42.9   
 738.2      3213     -318      2895     -42.9   
 742.2      3213     -317      2896     -43.0   
 746.2      3242     -315      2927     -43.0   
 750.2      3242     -313      2929     -43.0   
 754.2      3270     -311      2959     -43.0   
 758.2      3270     -309      2961     -43.0   
 762.2      3298     -307      2991     -43.0   
 766.2      3298     -305      2993     -43.0   
 770.2      3326     -303      3023     -43.0   
 774.2      3353     -302      3051     -43.0   
 778.2      3353     -300      3053     -43.0   
 782.2      3381     -298      3083     -43.0   
 786.2      3381     -296      3085     -43.0   
 790.2      3408     -293      3115     -43.0   
 794.2      3436     -291      3145     -42.9   
 798.2      3435     -289      3146     -42.9   
 802.2      3463     -287      3176     -42.9   
 806.2      3490     -285      3205     -42.9   
 810.2      3490     -283      3207     -42.9   
 814.2      3517     -281      3236     -42.8   
 818.2      3517     -279      3238     -42.8   
 822.2      3544     -277      3267     -42.8   
 826.2      3544     -275      3269     -42.7   
 830.2      3571     -273      3298     -42.7   
 834.2      3598     -270      3328     -42.7   
 838.2      3625     -268      3357     -42.6   
 842.2      3625     -266      3359     -42.6   
 846.2      3652     -264      3388     -42.5   
 850.2      3679     -262      3417     -42.5   
 854.2      3678     -260      3418     -42.4   
 858.2      3705     -258      3447     -42.4   
 862.2      3732     -256      3476     -42.3   
 866.2      3731     -255      3476     -42.3   
 870.2      3758     -253      3505     -42.2   
 874.2      3757     -251      3506     -42.1   
 878.2      3783     -249      3534     -42.1   
 882.2      3810     -247      3563     -42.0   
 886.2      3809     -246      3563     -41.9   
 890.2      3836     -244      3592     -41.9   
 894.2      3862     -243      3619     -41.8   
 898.2      3889     -242      3647     -41.7   
 902.2      3888     -240      3648     -41.7   
 906.2      3915     -239      3676     -41.6   
 910.2      3941     -238      3703     -41.5   
 914.2      3968     -236      3732     -41.5   
 918.2      3967     -235      3732     -41.4   
 922.2      3994     -234      3760     -41.3   
 926.2      4020     -233      3787     -41.3   
 930.2      4019     -232      3787     -41.2   
 934.2      4046     -232      3814     -41.1   
 938.2      4072     -231      3841     -41.0   
 942.2      4099     -230      3869     -41.0   
 946.2      4098     -229      3869     -40.9   
 950.2      4124     -228      3896     -40.8   
 954.2      4150     -227      3923     -40.7   
 958.2      4177     -226      3951     -40.6   
 962.2      4175     -225      3950     -40.5   
 964.2      4202     -225      3977     -40.5   
 966.2      4201     -225      3976     -40.4   
 968.2      4201     -224      3977     -40.4   
 970.2      4228     -224      4004     -40.3   
 972.2      4227     -223      4004     -40.3   
 974.2      4254     -223      4031     -40.2   
 976.2      4253     -222      4031     -40.2   
 978.2      4252     -222      4030     -40.1   
 980.2      4279     -221      4058     -40.1   
 982.2      4278     -221      4057     -40.0   
 984.2      4277     -220      4057     -39.9   
 986.2      4304     -220      4084     -39.9   
 988.2      4304     -220      4084     -39.8   
 990.2      4330     -219      4111     -39.8   
 992.2      4330     -218      4112     -39.7   
 994.2      4329     -218      4111     -39.7   
 996.2      4356     -217      4139     -39.6   
 998.2      4355     -216      4139     -39.6   
1000.2      4354     -215      4139     -39.5   
1002.2      4381     -215      4166     -39.4   
1004.2      4380     -214      4166     -39.4   
1006.2      4407     -213      4194     -39.3   
1008.2      4406     -213      4194     -39.3   
1010.2      4405     -212      4193     -39.2   
1012.2      4404     -211      4193     -39.2   
1014.2      4431     -210      4221     -39.1   
1016.2      4430     -210      4220     -39.0   
1018.2      4457     -209      4248     -39.0   
1020.2      4456     -208      4248     -38.9   
1022.2      4455     -207      4248     -38.9   
1026.2      4481     -206      4275     -38.8   
1028.2      4481     -205      4276     -38.7   
1030.2      4507     -204      4303     -38.6   
1032.2      4507     -203      4304     -38.6   
1034.2      4533     -202      4331     -38.5   
1036.2      4533     -201      4332     -38.5   
1038.2      4559     -200      4359     -38.4   
1040.2      4559     -199      4360     -38.4   
1042.2      4558     -198      4360     -38.3   
1044.2      4557     -197      4360     -38.2   
1046.2      4584     -196      4388     -38.2   
1048.2      4583     -195      4388     -38.1   
1050.2      4609     -194      4415     -38.1   
1052.2      4609     -193      4416     -38.0   
1054.2      4608     -192      4416     -37.9   
1056.2      4634     -192      4442     -37.9   
1058.2      4634     -191      4443     -37.8   
1060.2      4660     -190      4470     -37.7   
1062.2      4659     -189      4470     -37.7   
1064.2      4658     -188      4470     -37.6   
1066.2      4685     -187      4498     -37.5   
1068.2      4684     -186      4498     -37.5   
1070.2      4711     -185      4526     -37.4   
1072.2      4710     -184      4526     -37.3   
1074.2      4737     -183      4554     -37.3   
1076.2      4736     -182      4554     -37.2   
1078.2      4735     -181      4554     -37.1   
1080.2      4761     -180      4581     -37.1   
1082.2      4760     -179      4581     -37.0   
1084.2      4759     -178      4581     -36.9   
1086.2      4786     -177      4609     -36.8   
1090.2      4784     -175      4609     -36.7   
1092.2      4810     -174      4636     -36.6   
1094.2      4809     -173      4636     -36.5   
1096.2      4808     -172      4636     -36.5   
1098.2      4835     -171      4664     -36.4   
1100.2      4834     -170      4664     -36.3   
1102.2      4832     -169      4663     -36.2   
1104.2      4859     -168      4691     -36.1   
1106.2      4858     -167      4691     -36.1   
1108.2      4857     -167      4690     -36.0   
1110.2      4883     -166      4717     -35.9   
1112.2      4882     -165      4717     -35.8   
1114.2      4881     -164      4717     -35.7   
1116.2      4908     -163      4745     -35.7   
1118.2      4906     -162      4744     -35.6   
1120.2      4933     -161      4772     -35.5   
1122.2      4932     -161      4772     -35.4   
1124.2      4931     -160      4771     -35.3   
1126.2      4957     -159      4798     -35.2   
1128.2      4956     -158      4798     -35.1   
1130.2      4982     -157      4825     -35.1   
1132.2      4981     -156      4825     -35.0   
1134.2      5008     -155      4853     -34.9   
1136.2      5006     -155      4851     -34.8   
1138.2      5005     -154      4851     -34.7   
1140.2      5004     -153      4851     -34.6   
1142.2      5030     -152      4878     -34.5   
1144.2      5029     -151      4878     -34.4   
1146.2      5055     -151      4904     -34.3   
1148.2      5054     -150      4904     -34.2   
1150.2      5080     -149      4931     -34.1   
1154.2      5078     -148      4930     -33.9   
1156.2      5076     -147      4929     -33.8   
1158.2      5103     -146      4957     -33.7   
1160.2      5102     -145      4957     -33.6   
1162.2      5128     -144      4984     -33.5   
1164.2      5127     -144      4983     -33.4   
1166.2      5125     -143      4982     -33.3   
1168.2      5152     -142      5010     -33.2   
1170.2      5150     -141      5009     -33.1   
1172.2      5177     -140      5037     -33.0   
1174.2      5175     -140      5035     -32.9   
1176.2      5174     -139      5035     -32.8   
1178.2      5200     -138      5062     -32.7   
1180.2      5199     -137      5062     -32.6   
1182.2      5225     -136      5089     -32.5   
1184.2      5224     -135      5089     -32.4   
1186.2      5250     -135      5115     -32.3   
1188.2      5221     -134      5087     -32.2   
1190.2      5248     -133      5115     -32.1   
1192.2      5246     -132      5114     -32.0   
1194.2      5273     -131      5142     -31.9   
1196.2      5271     -131      5140     -31.8   
1198.2      5270     -130      5140     -31.7   
1200.2      5269     -129      5140     -31.6   
1202.2      5295     -128      5167     -31.5   
1204.2      5294     -127      5167     -31.4   
1206.2      5321     -126      5195     -31.3   
1208.2      5319     -125      5194     -31.2   
1210.2      5318     -124      5194     -31.1   
1212.2      5345     -124      5221     -31.0   
1214.2      5343     -123      5220     -30.9   
1218.2      5369     -121      5248     -30.8   
1220.2      5367     -120      5247     -30.7   
1222.2      5394     -119      5275     -30.6   
1224.2      5393     -118      5275     -30.5   
1226.2      5419     -117      5302     -30.4   
1228.2      5418     -116      5302     -30.3   
1230.2      5417     -115      5302     -30.2   
1232.2      5416     -114      5302     -30.1   
1234.2      5442     -114      5328     -30.0   
1236.2      5441     -113      5328     -29.9   
1238.2      5467     -112      5355     -29.8   
1240.2      5466     -111      5355     -29.7   
1242.2      5465     -110      5355     -29.6   
1244.2      5491     -109      5382     -29.5   
1246.2      5490     -108      5382     -29.4   
1248.2      5489     -107      5382     -29.3   
1250.2      5515     -106      5409     -29.2   
1252.2      5542     -105      5437     -29.1   
1254.2      5540     -104      5436     -29.0   
1256.2      5539     -104      5435     -28.9   
1258.2      5538     -103      5435     -28.8   
1260.2      5564     -102      5462     -28.7   
1262.2      5563     -101      5462     -28.6   
1264.2      5590     -100      5490     -28.5   
1266.2      5588      -99      5489     -28.4   
1268.2      5587      -98      5489     -28.2   
1270.2      5613      -97      5516     -28.1   
1272.2      5612      -96      5516     -28.0   
1274.2      5611      -96      5515     -27.9   
1276.2      5609      -95      5514     -27.8   
1278.2      5636      -94      5542     -27.7   
1282.2      5661      -92      5569     -27.4   
1284.2      5659      -92      5567     -27.3   
1286.2      5658      -91      5567     -27.2   
1288.2      5657      -90      5567     -27.1   
1290.2      5683      -89      5594     -27.0   
1292.2      5682      -88      5594     -26.9   
1294.2      5708      -88      5620     -26.7   
1296.2      5706      -87      5619     -26.6   
1298.2      5705      -86      5619     -26.5   
1300.2      5731      -85      5646     -26.4   
1302.2      5730      -85      5645     -26.3   
1304.2      5756      -84      5672     -26.2   
1306.2      5755      -83      5672     -26.0   
1308.2      5754      -82      5672     -25.9   
1310.2      5780      -82      5698     -25.8   
1312.2      5779      -81      5698     -25.7   
1314.2      5805      -80      5725     -25.6   
1316.2      5804      -80      5724     -25.4   
1318.2      5802      -79      5723     -25.3   
1320.2      5829      -79      5750     -25.2   
1322.2      5827      -78      5749     -25.1   
1324.2      5826      -77      5749     -25.0   
1326.2      5852      -77      5775     -24.8   
1328.2      5851      -76      5775     -24.7   
1330.2      5877      -76      5801     -24.6   
1332.2      5876      -75      5801     -24.5   
1334.2      5875      -74      5801     -24.4   
1336.2      5901      -74      5827     -24.3   
1338.2      5900      -73      5827     -24.2   
1340.2      5927      -73      5854     -24.0   
1342.2      5925      -72      5853     -23.9   
1346.2      5923      -71      5852     -23.7   
1348.2      5949      -70      5879     -23.6   
1350.2      5948      -70      5878     -23.5   
1352.2      5975      -69      5906     -23.4   
1354.2      5973      -69      5904     -23.2   
1356.2      5972      -68      5904     -23.1   
1358.2      5999      -67      5932     -23.0   
1360.2      5997      -67      5930     -22.9   
1362.2      5996      -66      5930     -22.8   
1364.2      6023      -66      5957     -22.7   
1366.2      6021      -65      5956     -22.5   
1368.2      6020      -65      5955     -22.4   
1370.2      6047      -64      5983     -22.3   
1372.2      6045      -64      5981     -22.2   
1374.2      6072      -63      6009     -22.1   
1376.2      6071      -62      6009     -22.0   
1378.2      6070      -62      6008     -21.8   
1380.2      6096      -61      6035     -21.7   
1382.2      6095      -61      6034     -21.6   
1384.2      6121      -60      6061     -21.5   
1386.2      6120      -59      6061     -21.4   
1388.2      6119      -59      6060     -21.2   
1390.2      6145      -58      6087     -21.1   
1392.2      6144      -57      6087     -21.0   
1394.2      6170      -57      6113     -20.9   
1396.2      6169      -56      6113     -20.7   
1398.2      6168      -55      6113     -20.6   
1400.2      6194      -55      6139     -20.5   
1402.2      6193      -54      6139     -20.3   
1404.2      6219      -53      6166     -20.2   
1406.2      6218      -53      6165     -20.1   
1410.2      6243      -52      6191     -19.8   
1412.2      6242      -51      6191     -19.7   
1414.2      6268      -50      6218     -19.6   
1416.2      6267      -49      6218     -19.4   
1418.2      6293      -49      6244     -19.3   
1420.2      6292      -48      6244     -19.1   
1422.2      6290      -47      6243     -19.0   
1424.2      6317      -46      6271     -18.9   
1426.2      6315      -45      6270     -18.7   
1428.2      6314      -45      6269     -18.6   
1430.2      6341      -44      6297     -18.5   
1432.2      6339      -43      6296     -18.3   
1434.2      6366      -42      6324     -18.2   
1436.2      6364      -41      6323     -18.1   
1438.2      6363      -41      6322     -17.9   
1440.2      6389      -40      6349     -17.8   
1442.2      6416      -39      6377     -17.7   
1444.2      6415      -38      6377     -17.5   
1446.2      6441      -37      6404     -17.4   
1448.2      6440      -37      6403     -17.2   
1450.2      6466      -36      6430     -17.1   
1452.2      6465      -35      6430     -17.0   
1454.2      6464      -34      6430     -16.8   
1456.2      6490      -33      6457     -16.7   
1458.2      6489      -32      6457     -16.6   
1460.2      6515      -31      6484     -16.4   
1462.2      6514      -30      6484     -16.3   
1464.2      6540      -29      6511     -16.2   
1466.2      6539      -28      6511     -16.0   
1468.2      6538      -28      6510     -15.9   
1470.2      6565      -27      6538     -15.8   
1474.2      6590      -25      6565     -15.5   
1476.2      6589      -24      6565     -15.4   
1478.2      6588      -23      6565     -15.2   
1480.2      6614      -22      6592     -15.1   
1482.2      6613      -21      6592     -15.0   
1484.2      6639      -20      6619     -14.8   
1486.2      6638      -19      6619     -14.7   
1488.2      6665      -18      6647     -14.6   
1490.2      6664      -17      6647     -14.4   
1492.2      6662      -16      6646     -14.3   
1494.2      6689      -15      6674     -14.2   
1496.2      6688      -14      6674     -14.0   
1498.2      6714      -13      6701     -13.9   
1500.2      6713      -12      6701     -13.8   
1502.2      6740      -11      6729     -13.6   
1504.2      6739      -10      6729     -13.5   
1506.2      6765       -9      6756     -13.4   
1508.2      6764       -8      6756     -13.2   
1510.2      6763       -7      6756     -13.1   
1512.2      6790       -7      6783     -13.0   
1514.2      6788       -6      6782     -12.8   
1516.2      6815       -5      6810     -12.7   
1518.2      6814       -4      6810     -12.6   
1520.2      6840       -3      6837     -12.4   
1522.2      6839       -2      6837     -12.3   
1524.2      6866       -1      6865     -12.2   
1526.2      6865        0      6865     -12.0   
1528.2      6891        1      6892     -11.9   
1530.2      6890        2      6892     -11.8   
1532.2      6917        3      6920     -11.6   
1534.2      6916        4      6920     -11.5   
1538.2      6941        6      6947     -11.2   
1540.2      6968        7      6975     -11.1   
1542.2      6967        8      6975     -11.0   
1544.2      6966        9      6975     -10.8   
1546.2      6993       10      7003     -10.7   
1548.2      6992       11      7003     -10.6   
1550.2      7018       12      7030     -10.4   
1552.2      7045       13      7058     -10.3   
1554.2      7044       14      7058     -10.2   
1556.2      7043       15      7058     -10.1   
1558.2      7069       16      7085      -9.9   
1560.2      7068       17      7085      -9.8   
1562.2      7095       18      7113      -9.7   
1564.2      7094       19      7113      -9.5   
1566.2      7121       20      7141      -9.4   
1568.2      7120       21      7141      -9.3   
1570.2      7146       22      7168      -9.1   
1572.2      7145       23      7168      -9.0   
1574.2      7172       24      7196      -8.9   
1576.2      7171       25      7196      -8.7   
1578.2      7170       26      7196      -8.6   
1580.2      7197       27      7224      -8.5   
1582.2      7196       28      7224      -8.3   
1584.2      7222       29      7251      -8.2   
1586.2      7222       30      7252      -8.1   
1588.2      7248       31      7279      -8.0   
1590.2      7247       32      7279      -7.8   
1592.2      7274       33      7307      -7.7   
1594.2      7273       34      7307      -7.6   
1596.2      7272       35      7307      -7.4   
1598.2      7299       35      7334      -7.3   
1602.2      7325       37      7362      -7.1   
1604.2      7324       38      7362      -6.9   
1606.2      7350       39      7389      -6.8   
1608.2      7377       40      7417      -6.7   
1610.2      7376       41      7417      -6.5   
1612.2      7375       42      7417      -6.4   
1614.2      7375       43      7418      -6.3   
1616.2      7401       43      7444      -6.2   
1618.2      7428       44      7472      -6.0   
1620.2      7427       45      7472      -5.9   
1622.2      7454       46      7500      -5.8   
1624.2      7453       47      7500      -5.6   
1626.2      7452       48      7500      -5.5   
1628.2      7451       49      7500      -5.4   
1630.2      7478       50      7528      -5.2   
1632.2      7505       50      7555      -5.1   
1634.2      7504       51      7555      -5.0   
1636.2      7503       52      7555      -4.8   
1638.2      7530       53      7583      -4.7   
1640.2      7529       54      7583      -4.6   
1642.2      7555       55      7610      -4.4   
1644.2      7555       55      7610      -4.3   
1646.2      7581       56      7637      -4.2   
1648.2      7580       57      7637      -4.0   
1650.2      7580       58      7638      -3.9   
1652.2      7606       59      7665      -3.7   
1654.2      7605       60      7665      -3.6   
1656.2      7632       60      7692      -3.5   
1658.2      7631       61      7692      -3.3   
1660.2      7658       62      7720      -3.2   
1662.2      7657       63      7720      -3.0   
1666.2      7683       64      7747      -2.7   
1668.2      7709       65      7774      -2.6   
1670.2      7709       66      7775      -2.4   
1672.2      7735       67      7802      -2.3   
1674.2      7734       67      7801      -2.1   
1676.2      7734       68      7802      -2.0   
1678.2      7760       69      7829      -1.8   
1680.2      7759       70      7829      -1.7   
1682.2      7786       70      7856      -1.6   
1684.2      7785       71      7856      -1.4   
1686.2      7812       72      7884      -1.3   
1688.2      7811       73      7884      -1.1   
1690.2      7838       74      7912      -1.0   
1692.2      7837       74      7911      -0.8   
1694.2      7863       75      7938      -0.7   
1696.2      7863       76      7939      -0.5   
1698.2      7889       77      7966      -0.4   
1700.2      7889       77      7966      -0.2   
1702.2      7915       78      7993      -0.1   
1704.2      7914       79      7993       0.1   
1706.2      7941       80      8021       0.3   
1708.2      7940       80      8020       0.4   
1710.2      7940       81      8021       0.6   
1712.2      7966       82      8048       0.7   
1714.2      7966       83      8049       0.8   
1716.2      7992       83      8075       1.0   
1718.2      8019       84      8103       1.1   
1720.2      8018       85      8103       1.3   
1722.2      8017       86      8103       1.4   
1724.2      8044       86      8130       1.6   
1726.2      8043       87      8130       1.7   
1730.2      8069       89      8158       2.0   
1732.2      8096       89      8185       2.2   
1734.2      8095       90      8185       2.3   
1736.2      8095       91      8186       2.5   
1738.2      8121       91      8212       2.6   
1740.2      8121       92      8213       2.8   
1742.2      8148       93      8241       2.9   
1744.2      8147       94      8241       3.0   
1746.2      8174       94      8268       3.2   
1748.2      8200       95      8295       3.3   
1750.2      8172       96      8268       3.5   
1752.2      8199       97      8296       3.6   
1754.2      8226       97      8323       3.8   
1756.2      8225       98      8323       3.9   
1758.2      8224       99      8323       4.1   
1760.2      8251      100      8351       4.2   
1762.2      8278      100      8378       4.4   
1764.2      8277      101      8378       4.5   
1766.2      8277      102      8379       4.7   
1768.2      8303      102      8405       4.8   
1770.2      8303      103      8406       4.9   
1772.2      8330      104      8434       5.1   
1774.2      8329      105      8434       5.2   
1776.2      8356      105      8461       5.4   
1778.2      8355      106      8461       5.5   
1780.2      8382      107      8489       5.7   
1782.2      8381      108      8489       5.8   
1784.2      8381      108      8489       5.9   
1786.2      8408      109      8517       6.1   
1788.2      8434      110      8544       6.2   
1790.2      8434      111      8545       6.4   
1794.2      8460      112      8572       6.7   
1796.2      8487      113      8600       6.8   
1798.2      8486      114      8600       6.9   
1800.2      8513      114      8627       7.1   
1802.2      8512      115      8627       7.2   
1804.2      8512      116      8628       7.4   
1806.2      8539      117      8656       7.5   
1808.2      8538      117      8655       7.7   
1810.2      8565      118      8683       7.8   
1812.2      8564      119      8683       7.9   
1814.2      8591      120      8711       8.1   
1816.2      8591      121      8712       8.2   
1818.2      8590      121      8711       8.4   
1820.2      8617      122      8739       8.5   
1822.2      8644      123      8767       8.7   
1824.2      8643      124      8767       8.8   
1826.2      8670      124      8794       9.0   
1828.2      8669      125      8794       9.1   
1830.2      8696      126      8822       9.3   
1832.2      8696      127      8823       9.4   
1834.2      8695      127      8822       9.5   
1836.2      8722      128      8850       9.7   
1838.2      8722      129      8851       9.8   
1840.2      8748      130      8878      10.0   
1842.2      8748      131      8879      10.1   
1844.2      8775      131      8906      10.3   
1846.2      8774      132      8906      10.5   
1848.2      8801      133      8934      10.6   
1850.2      8800      134      8934      10.8   
1852.2      8827      135      8962      10.9   
1854.2      8827      135      8962      11.1   
1858.2      8853      137      8990      11.4   
1860.2      8852      138      8990      11.6   
1862.2      8879      138      9017      11.8   
1864.2      8906      139      9045      11.9   
1866.2      8905      140      9045      12.1   
1868.2      8905      141      9046      12.2   
1870.2      8932      142      9074      12.4   
1872.2      8931      142      9073      12.6   
1874.2      8958      143      9101      12.7   
1876.2      8958      144      9102      12.9   
1878.2      8984      145      9129      13.0   
1880.2      8984      146      9130      13.2   
1882.2      9011      146      9157      13.4   
1884.2      9010      147      9157      13.5   
1886.2      9037      148      9185      13.7   
1888.2      9037      149      9186      13.9   
1890.2      9036      150      9186      14.0   
1892.2      9063      150      9213      14.2   
1894.2      9063      151      9214      14.3   
1896.2      9089      152      9241      14.5   
1898.2      9089      153      9242      14.6   
1900.2      9116      154      9270      14.8   
1902.2      9115      154      9269      15.0   
1904.2      9142      155      9297      15.1   
1906.2      9142      156      9298      15.3   
1908.2      9141      157      9298      15.4   
1910.2      9167      158      9325      15.6   
1912.2      9166      158      9324      15.7   
1914.2      9193      159      9352      15.9   
1916.2      9220      160      9380      16.0   
1918.2      9220      161      9381      16.1   
1922.2      9246      162      9408      16.4   
1924.2      9246      163      9409      16.6   
1926.2      9273      164      9437      16.7   
1928.2      9272      165      9437      16.9   
1930.2      9272      166      9438      17.0   
1932.2      9299      166      9465      17.1   
1934.2      9299      167      9466      17.3   
1936.2      9325      168      9493      17.4   
1938.2      9352      169      9521      17.6   
1940.2      9352      170      9522      17.7   
1942.2      9352      170      9522      17.8   
1944.2      9379      171      9550      18.0   
1946.2      9378      172      9550      18.1   
1948.2      9405      173      9578      18.3   
1950.2      9405      173      9578      18.4   
1952.2      9432      174      9606      18.5   
1954.2      9432      175      9607      18.7   
1956.2      9459      176      9635      18.8   
1958.2      9458      177      9635      18.9   
1960.2      9485      177      9662      19.1   
1962.2      9485      178      9663      19.2   
1964.2      9485      179      9664      19.4   
1966.2      9512      180      9692      19.5   
1968.2      9511      180      9691      19.6   
1970.2      9538      181      9719      19.8   
1972.2      9538      182      9720      19.9   
1974.2      9565      183      9748      20.0   
1976.2      9565      184      9749      20.2   
1978.2      9592      184      9776      20.3   
1980.2      9591      185      9776      20.5   
1982.2      9618      186      9804      20.6   
1986.2      9618      187      9805      20.9   
1988.2      9645      188      9833      21.0   
1990.2      9644      189      9833      21.1   
1992.2      9671      190      9861      21.3   
1994.2      9671      190      9861      21.4   
1996.2      9698      191      9889      21.5   
1998.2      9698      192      9890      21.7   
2000.2      9725      193      9918      21.8   
2002.2      9725      193      9918      22.0   
2004.2      9724      194      9918      22.1   
2006.2      9751      195      9946      22.2   
2008.2      9751      196      9947      22.4   
2010.2      9778      196      9974      22.5   
2012.2      9778      197      9975      22.7   
2014.2      9805      198     10003      22.8   
2016.2      9804      199     10003      22.9   
2018.2      9831      199     10030      23.1   
2020.2      9858      200     10058      23.2   
2022.2      9858      201     10059      23.4   
2024.2      9885      202     10087      23.5   
2026.2      9885      202     10087      23.6   
2028.2      9912      203     10115      23.8   
2030.2      9912      204     10116      23.9   
2032.2      9911      204     10115      24.1   
2034.2      9938      205     10143      24.2   
2036.2      9965      206     10171      24.4   
2038.2      9965      207     10172      24.5   
2040.2      9965      207     10172      24.7   
2042.2      9992      208     10200      24.8   
2044.2      9992      209     10201      25.0   
2046.2     10019      209     10228      25.1   
2050.2     10045      211     10256      25.4   
2052.2     10045      212     10257      25.6   
2054.2     10072      212     10284      25.7   
2056.2     10072      213     10285      25.9   
2058.2     10072      214     10286      26.0   
2060.2     10099      214     10313      26.2   
2062.2     10099      215     10314      26.4   
2064.2     10126      216     10342      26.5   
2066.2     10125      216     10341      26.7   
2068.2     10152      217     10369      26.8   
2070.2     10152      218     10370      27.0   
2072.2     10179      218     10397      27.1   
2074.2     10179      219     10398      27.3   
2076.2     10179      220     10399      27.4   
2078.2     10206      220     10426      27.6   
2080.2     10233      221     10454      27.8   
2082.2     10233      222     10455      27.9   
2084.2     10260      222     10482      28.1   
2086.2     10259      223     10482      28.2   
2088.2     10286      224     10510      28.4   
2090.2     10286      224     10510      28.5   
2092.2     10286      225     10511      28.7   
2094.2     10313      226     10539      28.9   
2096.2     10313      226     10539      29.0   
2098.2     10340      227     10567      29.2   
2100.2     10340      228     10568      29.3   
2102.2     10367      228     10595      29.5   
2104.2     10367      229     10596      29.6   
2106.2     10394      230     10624      29.8   
2108.2     10393      230     10623      29.9   
2110.2     10420      231     10651      30.1   
2114.2     10447      232     10679      30.4   
2116.2     10447      233     10680      30.6   
2118.2     10474      234     10708      30.7   
2120.2     10474      234     10708      30.9   
2122.2     10501      235     10736      31.0   
2124.2     10528      235     10763      31.2   
2126.2     10528      236     10764      31.3   
2128.2     10528      237     10765      31.5   
2130.2     10555      237     10792      31.6   
2132.2     10555      238     10793      31.8   
2134.2     10582      238     10820      32.0   
2136.2     10582      239     10821      32.1   
2138.2     10609      240     10849      32.3   
2140.2     10609      240     10849      32.4   
2142.2     10636      241     10877      32.6   
2144.2     10635      241     10876      32.7   
2146.2     10663      242     10905      32.9   
2148.2     10662      243     10905      33.0   
2150.2     10689      243     10932      33.2   
2152.2     10689      244     10933      33.3   
2154.2     10716      245     10961      33.5   
2156.2     10716      245     10961      33.6   
2158.2     10743      246     10989      33.7   
2160.2     10743      246     10989      33.9   
2162.2     10770      247     11017      34.0   
2164.2     10797      247     11044      34.2   
2166.2     10797      248     11045      34.3   
2168.2     10824      249     11073      34.4   
2170.2     10824      249     11073      34.6   
2172.2     10851      250     11101      34.7   
2174.2     10878      250     11128      34.8   
2178.2     10878      251     11129      35.1   
2180.2     10905      252     11157      35.2   
2182.2     10932      253     11185      35.4   
2184.2     10932      253     11185      35.5   
2186.2     10959      254     11213      35.6   
2188.2     10959      254     11213      35.8   
2190.2     10959      255     11214      35.9   
2192.2     10986      255     11241      36.0   
2194.2     11013      256     11269      36.2   
2196.2     11013      257     11270      36.3   
2198.2     11013      257     11270      36.4   
2200.2     11040      258     11298      36.6   
2202.2     11040      258     11298      36.7   
2204.2     11067      259     11326      36.8   
2206.2     11095      259     11354      37.0   
2208.2     11094      260     11354      37.1   
2210.2     11094      260     11354      37.2   
2212.2     11121      261     11382      37.4   
2214.2     11149      261     11410      37.5   
2216.2     11149      262     11411      37.6   
2218.2     11176      262     11438      37.8   
2220.2     11176      263     11439      37.9   
2222.2     11203      263     11466      38.0   
2224.2     11203      264     11467      38.2   
2226.2     11230      265     11495      38.3   
2228.2     11230      265     11495      38.4   
2230.2     11257      266     11523      38.6   
2232.2     11257      266     11523      38.7   
2234.2     11284      267     11551      38.9   
2236.2     11284      267     11551      39.0   
2238.2     11311      267     11578      39.2   
2242.2     11338      268     11606      39.5   
2244.2     11338      269     11607      39.6   
2246.2     11365      269     11634      39.8   
2248.2     11365      270     11635      39.9   
2250.2     11392      270     11662      40.1   
2252.2     11392      271     11663      40.2   
2254.2     11419      271     11690      40.4   
2256.2     11419      272     11691      40.5   
2258.2     11446      272     11718      40.7   
2260.2     11446      273     11719      40.8   
2262.2     11473      273     11746      41.0   
2264.2     11473      274     11747      41.1   
2266.2     11500      274     11774      41.3   
2268.2     11500      275     11775      41.4   
2270.2     11527      275     11802      41.6   
2272.2     11554      276     11830      41.7   
2274.2     11554      276     11830      41.9   
2276.2     11581      277     11858      42.0   
2278.2     11581      277     11858      42.2   
2280.2     11608      277     11885      42.3   
2282.2     11608      278     11886      42.5   
2284.2     11636      278     11914      42.6   
2286.2     11663      279     11942      42.8   
2288.2     11663      279     11942      42.9   
2290.2     11690      280     11970      43.0   
2292.2     11690      280     11970      43.2   
2294.2     11717      281     11998      43.3   
2296.2     11717      281     11998      43.5   
2298.2     11744      282     12026      43.6   
2300.2     11771      282     12053      43.8   
2302.2     11771      282     12053      43.9   
2306.2     11798      283     12081      44.2   
2308.2     11825      284     12109      44.4   
2310.2     11825      284     12109      44.5   
2312.2     11852      284     12136      44.7   
2314.2     11852      285     12137      44.8   
2316.2     11879      285     12164      45.0   
2318.2     11879      286     12165      45.1   
2320.2     11907      286     12193      45.2   
2322.2     11934      286     12220      45.4   
2324.2     11934      287     12221      45.5   
2326.2     11934      287     12221      45.7   
2328.2     11961      288     12249      45.8   
2330.2     11988      288     12276      46.0   
2332.2     11988      289     12277      46.1   
2334.2     12015      289     12304      46.3   
2336.2     12015      289     12304      46.4   
2338.2     12042      290     12332      46.6   
2340.2     12042      290     12332      46.7   
2342.2     12042      290     12332      46.9   
2344.2     12069      291     12360      47.0   
2346.2     12096      291     12387      47.1   
2348.2     12096      291     12387      47.3   
2350.2     12096      292     12388      47.4   
2352.2     12123      292     12415      47.6   
2354.2     12123      293     12416      47.7   
2356.2     12151      293     12444      47.9   
2358.2     12151      293     12444      48.0   
2360.2     12178      294     12472      48.2   
2362.2     12178      294     12472      48.3   
2364.2     12205      294     12499      48.4   
2366.2     12205      295     12500      48.6   
2370.2     12232      295     12527      48.9   
2372.2     12259      296     12555      49.0   
2374.2     12286      296     12582      49.2   
2376.2     12286      296     12582      49.3   
2378.2     12313      297     12610      49.5   
2380.2     12313      297     12610      49.6   
2382.2     12340      297     12637      49.7   
2384.2     12340      298     12638      49.9   
2386.2     12368      298     12666      50.0   
2388.2     12368      298     12666      50.2   
2390.2     12395      299     12694      50.3   
2392.2     12395      299     12694      50.5   
2394.2     12422      299     12721      50.6   
2396.2     12422      300     12722      50.8   
2398.2     12449      300     12749      50.9   
2400.2     12476      300     12776      51.0   
2402.2     12476      301     12777      51.2   
2404.2     12503      301     12804      51.3   
2406.2     12503      301     12804      51.5   
2408.2     12503      301     12804      51.6   
2410.2     12530      302     12832      51.8   
2412.2     12558      302     12860      51.9   
2414.2     12557      302     12859      52.0   
2416.2     12557      302     12859      52.2   
2418.2     12585      303     12888      52.3   
2420.2     12612      303     12915      52.5   
2422.2     12612      303     12915      52.6   
2424.2     12639      303     12942      52.8   
2426.2     12666      304     12970      52.9   
2428.2     12666      304     12970      53.0   
2430.2     12666      304     12970      53.2   
2434.2     12720      305     13025      53.5   
2436.2     12720      305     13025      53.6   
2438.2     12720      305     13025      53.7   
2440.2     12747      306     13053      53.9   
2442.2     12747      306     13053      54.0   
2444.2     12775      306     13081      54.2   
2446.2     12802      306     13108      54.3   
2448.2     12802      306     13108      54.5   
2450.2     12829      306     13135      54.6   
2452.2     12829      306     13135      54.7   
2454.2     12829      307     13136      54.9   
2456.2     12856      307     13163      55.0   
2458.2     12883      307     13190      55.2   
2460.2     12910      307     13217      55.3   
2462.2     12938      307     13245      55.5   
2464.2     12937      307     13244      55.6   
2466.2     12937      308     13245      55.7   
2468.2     12965      308     13273      55.9   
2470.2     12965      308     13273      56.0   
2472.2     12992      308     13300      56.2   
2474.2     13019      308     13327      56.3   
2476.2     13019      308     13327      56.4   
2478.2     13046      308     13354      56.6   
2480.2     13046      308     13354      56.7   
2482.2     13073      308     13381      56.9   
2484.2     13100      308     13408      57.0   
2486.2     13100      308     13408      57.2   
2488.2     13127      308     13435      57.3   
2490.2     13127      308     13435      57.4   
2492.2     13155      308     13463      57.6   
2494.2     13155      308     13463      57.7   
2498.2     13182      308     13490      58.0   
2500.2     13209      308     13517      58.1   
2502.2     13209      308     13517      58.3   
2504.2     13236      308     13544      58.4   
2506.2     13263      308     13571      58.6   
2508.2     13263      308     13571      58.7   
2510.2     13263      308     13571      58.9   
2512.2     13290      308     13598      59.0   
2514.2     13317      308     13625      59.1   
2516.2     13317      308     13625      59.3   
2518.2     13345      307     13652      59.4   
2520.2     13345      307     13652      59.6   
2522.2     13399      307     13706      59.7   
2524.2     13399      307     13706      59.8   
2526.2     13426      307     13733      60.0   
2528.2     13426      306     13732      60.1   
2530.2     13426      306     13732      60.2   
2532.2     13426      306     13732      60.4   
2534.2     13453      306     13759      60.5   
2536.2     13453      306     13759      60.7   
2538.2     13453      305     13758      60.8   
2540.2     13480      305     13785      60.9   
2542.2     13507      305     13812      61.1   
2544.2     13507      305     13812      61.2   
2546.2     13534      304     13838      61.3   
2548.2     13534      304     13838      61.4   
2550.2     13562      303     13865      61.6   
2552.2     13562      303     13865      61.7   
2554.2     13589      303     13892      61.8   
2556.2     13589      302     13891      61.9   
2558.2     13616      302     13918      62.1   
2562.2     13643      301     13944      62.3   
2564.2     13643      300     13943      62.4   
2566.2     13670      300     13970      62.5   
2568.2     13697      299     13996      62.7   
2570.2     13697      299     13996      62.8   
2572.2     13697      298     13995      62.9   
2574.2     13724      298     14022      63.0   
2576.2     13724      297     14021      63.2   
2578.2     13751      297     14048      63.3   
2580.2     13779      296     14075      63.4   
2582.2     13779      296     14075      63.5   
2584.2     13779      295     14074      63.6   
2586.2     13833      294     14127      63.8   
2588.2     13860      293     14153      63.9   
2590.2     13860      293     14153      64.0   
2592.2     13887      292     14179      64.1   
2594.2     13860      291     14151      64.2   
2596.2     13887      290     14177      64.4   
2598.2     13887      290     14177      64.5   
2600.2     13914      289     14203      64.6   
2602.2     13914      288     14202      64.7   
2604.2     13941      287     14228      64.9   
2606.2     13968      286     14254      65.0   
2608.2     13968      286     14254      65.1   
2610.2     13996      285     14281      65.2   
2612.2     14023      284     14307      65.4   
2614.2     14023      283     14306      65.5   
2616.2     14050      283     14333      65.6   
2618.2     14050      281     14331      65.8   
2620.2     14050      280     14330      65.9   
2622.2     14077      279     14356      66.0   
2626.2     14104      277     14381      66.3   
2628.2     14131      276     14407      66.4   
2630.2     14158      275     14433      66.6   
2632.2     14158      274     14432      66.7   
2634.2     14185      273     14458      66.8   
2636.2     14212      272     14484      67.0   
2638.2     14212      271     14483      67.1   
2640.2     14240      270     14510      67.2   
2642.2     14240      269     14509      67.4   
2644.2     14239      268     14507      67.5   
2646.2     14267      267     14534      67.7   
2648.2     14294      266     14560      67.8   
2650.2     14375      264     14639      67.9   
2652.2     14375      263     14638      68.1   
2654.2     14402      262     14664      68.2   
2656.2     14402      261     14663      68.3   
2658.2     14348      260     14608      68.5   
2660.2     14375      258     14633      68.6   
2662.2     14375      257     14632      68.8   
2664.2     14402      256     14658      68.9   
2666.2     14402      255     14657      69.0   
2668.2     14429      253     14682      69.2   
2670.2     14456      252     14708      69.3   
2672.2     14456      251     14707      69.4   
2674.2     14483      250     14733      69.6   
2676.2     14510      248     14758      69.7   
2678.2     14510      247     14757      69.8   
2680.2     14538      246     14784      70.0   
2682.2     14537      245     14782      70.1   
2684.2     14565      244     14809      70.2   
2686.2     14592      242     14834      70.4   
2690.2     14592      240     14832      70.6   
2692.2     14619      238     14857      70.8   
2694.2     14646      237     14883      70.9   
2696.2     14646      236     14882      71.1   
2698.2     14673      235     14908      71.2   
2700.2     14673      233     14906      71.3   
2702.2     14700      232     14932      71.5   
2704.2     14727      231     14958      71.6   
2706.2     14727      229     14956      71.7   
2708.2     14754      228     14982      71.9   
2710.2     14754      227     14981      72.0   
2712.2     14808      225     15033      72.1   
2714.2     14890      224     15114      72.3   
2716.2     14917      223     15140      72.4   
2718.2     14944      221     15165      72.5   
2720.2     14944      220     15164      72.6   
2722.2     14862      219     15081      72.8   
2724.2     14889      218     15107      72.9   
2726.2     14889      216     15105      73.0   
2728.2     14917      215     15132      73.2   
2730.2     14916      214     15130      73.3   
2732.2     14944      213     15157      73.4   
2734.2     14971      211     15182      73.6   
2736.2     14971      210     15181      73.7   
2738.2     14998      209     15207      73.8   
2740.2     15025      208     15233      74.0   
2742.2     15052      206     15258      74.1   
2744.2     15052      205     15257      74.2   
2746.2     15052      204     15256      74.4   
2748.2     15079      203     15282      74.5   
2750.2     15079      201     15280      74.6   
2754.2     15133      199     15332      74.9   
2756.2     15160      198     15358      75.0   
2758.2     15160      196     15356      75.2   
2760.2     15187      195     15382      75.3   
2762.2     15187      194     15381      75.4   
2764.2     15214      193     15407      75.6   
2766.2     15214      192     15406      75.7   
2768.2     15214      191     15405      75.8   
2770.2     15241      190     15431      76.0   
2772.2     15268      189     15457      76.1   
2774.2     15295      188     15483      76.2   
2776.2     15295      186     15481      76.3   
2778.2     15458      185     15643      76.5   
2780.2     15458      184     15642      76.6   
2782.2     15458      183     15641      76.7   
2784.2     15485      182     15667      76.9   
2786.2     15349      181     15530      77.0   
2788.2     15403      180     15583      77.1   
2790.2     15403      179     15582      77.3   
2792.2     15430      178     15608      77.4   
2794.2     15430      177     15607      77.5   
2796.2     15457      176     15633      77.7   
2798.2     15484      175     15659      77.8   
2800.2     15484      174     15658      77.9   
2802.2     15511      173     15684      78.0   
2804.2     15538      173     15711      78.2   
2806.2     15566      172     15738      78.3   
2808.2     15565      171     15736      78.4   
2810.2     15565      170     15735      78.6   
2812.2     15592      169     15761      78.7   
2814.2     15620      168     15788      78.8   
2818.2     15646      167     15813      79.1   
2820.2     15674      166     15840      79.2   
2822.2     15701      165     15866      79.4   
2824.2     15701      164     15865      79.5   
2826.2     15700      163     15863      79.6   
2828.2     15728      163     15891      79.8   
2830.2     15755      162     15917      79.9   
2832.2     15782      161     15943      80.0   
2834.2     15782      161     15943      80.1   
2836.2     15809      160     15969      80.3   
2838.2     15836      160     15996      80.4   
2840.2     15836      159     15995      80.5   
2842.2     16053      158     16211      80.7   
2844.2     16053      158     16211      80.8   
2846.2     16080      157     16237      80.9   
2848.2     16080      157     16237      81.0   
2850.2     15917      156     16073      81.2   
2852.2     15916      155     16071      81.3   
2854.2     15944      155     16099      81.4   
2856.2     15971      154     16125      81.6   
2858.2     15998      154     16152      81.7   
2860.2     16025      153     16178      81.8   
2862.2     16025      153     16178      81.9   
2864.2     16052      152     16204      82.1   
2866.2     16079      152     16231      82.2   
2868.2     16079      151     16230      82.3   
2870.2     16106      151     16257      82.4   
2872.2     16133      151     16284      82.5   
2874.2     16133      150     16283      82.6   
2876.2     16160      150     16310      82.7   
2878.2     16160      149     16309      82.9   
2882.2     16214      149     16363      83.1   
2884.2     16214      148     16362      83.2   
2886.2     16241      148     16389      83.3   
2888.2     16268      148     16416      83.4   
2890.2     16268      147     16415      83.5   
2892.2     16268      147     16415      83.6   
2894.2     16295      146     16441      83.8   
2896.2     16322      146     16468      83.9   
2898.2     16322      146     16468      84.0   
2900.2     16349      145     16494      84.1   
2902.2     16376      145     16521      84.2   
2904.2     16403      145     16548      84.3   
2906.2     16647      145     16792      84.4   
2908.2     16647      145     16792      84.5   
2910.2     16674      144     16818      84.7   
2912.2     16701      144     16845      84.8   
2914.2     16457      144     16601      84.9   
2916.2     16484      144     16628      85.0   
2918.2     16511      143     16654      85.1   
2920.2     16511      143     16654      85.2   
2922.2     16538      143     16681      85.3   
2924.2     16565      143     16708      85.4   
2926.2     16592      143     16735      85.6   
2928.2     16592      142     16734      85.7   
2930.2     16592      142     16734      85.8   
2932.2     16646      142     16788      85.9   
2934.2     16673      142     16815      86.0   
2936.2     16673      142     16815      86.2   
2938.2     16700      141     16841      86.3   
2940.2     16700      141     16841      86.4   
2942.2     16727      141     16868      86.5   
2946.2     16781      141     16922      86.8   
2948.2     16808      141     16949      86.9   
2950.2     16808      141     16949      87.0   
2952.2     16835      141     16976      87.2   
2954.2     16835      141     16976      87.3   
2956.2     16862      141     17003      87.4   
2958.2     16889      140     17029      87.6   
2960.2     16916      140     17056      87.7   
2962.2     16943      140     17083      87.8   
2964.2     16943      140     17083      87.9   
2966.2     16970      140     17110      88.1   
2968.2     16970      140     17110      88.2   
2970.2     17323      140     17463      88.3   
2972.2     17350      140     17490      88.4   
2974.2     17350      140     17490      88.6   
2976.2     17377      140     17517      88.7   
2978.2     17023      140     17163      88.8   
2980.2     17050      140     17190      88.9   
2982.2     17077      140     17217      89.1   
2984.2     17104      139     17243      89.2   
2986.2     17104      139     17243      89.3   
2988.2     17131      139     17270      89.4   
2990.2     17158      139     17297      89.5   
2992.2     17185      139     17324      89.7   
2994.2     17212      139     17351      89.8   
2996.2     17239      139     17378      89.9   
2998.2     17266      139     17405      90.0   
3000.2     17266      139     17405      90.1   
3002.2     17266      139     17405      90.2   
3004.2     17293      139     17432      90.3   
3006.2     17320      139     17459      90.4   
3010.2     17374      139     17513      90.7   
3012.2     17374      139     17513      90.8   
3014.2     17374      139     17513      90.9   
3016.2     17428      139     17567      91.0   
3018.2     17428      139     17567      91.1   
3020.2     17455      139     17594      91.2   
3022.2     17455      139     17594      91.3   
3024.2     17482      139     17621      91.4   
3026.2     17509      139     17648      91.5   
3028.2     17536      139     17675      91.6   
3030.2     17536      139     17675      91.8   
3032.2     17563      139     17702      91.9   
3034.2     17998      139     18137      92.0   
3036.2     17998      139     18137      92.1   
3038.2     18025      139     18164      92.2   
3040.2     18052      139     18191      92.3   
3042.2     17617      139     17756      92.4   
3044.2     17644      139     17783      92.5   
3046.2     17644      139     17783      92.6   
3048.2     17698      139     17837      92.7   
3050.2     17698      139     17837      92.8   
3052.2     17725      139     17864      93.0   
3054.2     17752      139     17891      93.1   
3056.2     17779      139     17918      93.2   
3058.2     17806      139     17945      93.3   
3060.2     17806      139     17945      93.4   
3062.2     17833      139     17972      93.5   
3064.2     17860      139     17999      93.7   
3066.2     17860      139     17999      93.8   
3068.2     17887      139     18026      93.9   
3070.2     17914      139     18053      94.0   
3074.2     17995      139     18134      94.3   
3076.2     17967      139     18106      94.4   
3078.2     17994      139     18133      94.5   
3080.2     18021      139     18160      94.6   
3082.2     18021      139     18160      94.8   
3084.2     18048      139     18187      94.9   
3086.2     18075      139     18214      95.0   
3088.2     18075      139     18214      95.1   
3090.2     18102      139     18241      95.2   
3092.2     18129      139     18268      95.4   
3094.2     18129      139     18268      95.5   
3096.2     18156      139     18295      95.6   
3098.2     18699      139     18838      95.7   
3100.2     18726      139     18865      95.8   
3102.2     18753      139     18892      96.0   
3104.2     18753      139     18892      96.1   
3106.2     18182      139     18321      96.2   
3108.2     18209      139     18348      96.3   
3110.2     18236      139     18375      96.5   
3112.2     18263      139     18402      96.6   
3114.2     18290      139     18429      96.7   
3116.2     18318      139     18457      96.8   
3118.2     18317      139     18456      96.9   
3120.2     18372      139     18511      97.1   
3122.2     18399      139     18538      97.2   
3124.2     18426      139     18565      97.3   
3126.2     18425      139     18564      97.4   
3128.2     18480      139     18619      97.5   
3130.2     18452      139     18591      97.6   
3132.2     18479      139     18618      97.7   
3134.2     18506      139     18645      97.8   
3138.2     18615      139     18754      98.0   
3140.2     18560      139     18699      98.1   
3142.2     18587      139     18726      98.2   
3144.2     18614      139     18753      98.3   
3146.2     18614      139     18753      98.4   
3148.2     18614      139     18753      98.5   
3150.2     18668      139     18807      98.7   
3152.2     18668      139     18807      98.8   
3154.2     18695      139     18834      98.9   
3156.2     18722      139     18861      99.0   
3158.2     18722      139     18861      99.1   
3160.2     18776      139     18915      99.2   
3162.2     19456      139     19595      99.3   
3164.2     19483      139     19622      99.4   
3166.2     19510      139     19649      99.5   
3168.2     19482      139     19621      99.6   
3170.2     18803      139     18942      99.7   
3172.2     18803      139     18942      99.8   
3174.2     18830      139     18969      99.9   
3176.2     18857      139     18996     100.0   
3178.2     18911      139     19050     100.1   
3180.2     18938      140     19078     100.2   
3182.2     18938      140     19078     100.3   
3184.2     18965      140     19105     100.4   
3186.2     18992      140     19132     100.6   
3188.2     19019      140     19159     100.7   
3190.2     19046      140     19186     100.8   
3192.2     19073      140     19213     100.9   
3194.2     19073      140     19213     101.0   
3196.2     19073      140     19213     101.1   
3198.2     19127      140     19267     101.3   
3202.2     19208      140     19348     101.5   
3204.2     19181      140     19321     101.6   
3206.2     19208      140     19348     101.7   
3208.2     19207      140     19347     101.8   
3210.2     19234      140     19374     102.0   
3212.2     19261      140     19401     102.1   
3214.2     19289      140     19429     102.2   
3216.2     19288      140     19428     102.3   
3218.2     19343      140     19483     102.4   
3220.2     19342      140     19482     102.6   
3222.2     19397      140     19537     102.7   
3224.2     19396      140     19536     102.8   
3226.2     20266      140     20406     102.9   
3228.2     20266      140     20406     103.0   
3230.2     20266      140     20406     103.1   
3232.2     20320      140     20460     103.3   
3234.2     19396      140     19536     103.4   
3236.2     19450      140     19590     103.5   
3238.2     19477      140     19617     103.6   
3240.2     19477      140     19617     103.7   
3242.2     19531      140     19671     103.8   
3244.2     19531      140     19671     104.0   
3246.2     19585      140     19725     104.1   
3248.2     19585      140     19725     104.2   
3250.2     19639      140     19779     104.3   
3252.2     19666      140     19806     104.4   
3254.2     19666      140     19806     104.5   
3256.2     19720      140     19860     104.6   
3258.2     19693      140     19833     104.7   
3260.2     19720      140     19860     104.8   
3262.2     19747      140     19887     104.9   
3266.2     19910      140     20050     105.1   
3268.2     19828      140     19968     105.2   
3270.2     19855      140     19995     105.3   
3272.2     19855      140     19995     105.4   
3274.2     19882      140     20022     105.5   
3276.2     19909      140     20049     105.7   
3278.2     19936      140     20076     105.8   
3280.2     19936      140     20076     105.9   
3282.2     19990      140     20130     106.0   
3284.2     20017      140     20157     106.1   
3286.2     20017      140     20157     106.2   
3288.2     20044      140     20184     106.3   
3290.2     21050      140     21190     106.4   
3292.2     21077      140     21217     106.5   
3294.2     21104      140     21244     106.6   
3296.2     21131      140     21271     106.7   
3298.2     20071      140     20211     106.8   
3300.2     20098      140     20238     106.9   
3302.2     20125      140     20265     107.0   
3304.2     20152      140     20292     107.1   
3306.2     20179      140     20319     107.2   
3308.2     20206      140     20346     107.3   
3310.2     20233      140     20373     107.4   
3312.2     20260      140     20400     107.5   
3314.2     20314      140     20454     107.6   
3316.2     20341      140     20481     107.7   
3318.2     20341      140     20481     107.8   
3320.2     20368      141     20509     107.9   
3322.2     20368      141     20509     108.0   
3324.2     20423      141     20564     108.1   
3326.2     20422      141     20563     108.2   
3330.2     20585      141     20726     108.4   
3332.2     20504      141     20645     108.5   
3334.2     20531      141     20672     108.6   
3336.2     20531      141     20672     108.7   
3338.2     20585      141     20726     108.8   
3340.2     20585      141     20726     108.9   
3342.2     20585      141     20726     108.9   
3344.2     20612      141     20753     109.0   
3346.2     20693      141     20834     109.1   
3348.2     20720      141     20861     109.2   
3350.2     20693      141     20834     109.3   
3352.2     20747      141     20888     109.4   
3354.2     21917      141     22058     109.5   
3356.2     21944      141     22085     109.7   
3358.2     21971      141     22112     109.8   
3360.2     21998      141     22139     109.9   
3362.2     20747      141     20888     110.0   
3364.2     20774      141     20915     110.1   
3366.2     20801      141     20942     110.2   
3368.2     20882      142     21024     110.3   
3370.2     20909      142     21051     110.4   
3372.2     20909      142     21051     110.5   
3374.2     20936      142     21078     110.6   
3376.2     20991      142     21133     110.7   
3378.2     20991      142     21133     110.8   
3380.2     21072      142     21214     110.9   
3382.2     21072      142     21214     111.0   
3384.2     21099      142     21241     111.1   
3386.2     21099      142     21241     111.2   
3388.2     21099      142     21241     111.3   
3390.2     21153      142     21295     111.4   
3394.2     21316      142     21458     111.7   
3396.2     21262      142     21404     111.8   
3398.2     21234      143     21377     111.9   
3400.2     21289      143     21432     112.0   
3402.2     21288      143     21431     112.1   
3404.2     21288      143     21431     112.2   
3406.2     21343      143     21486     112.3   
3408.2     21342      143     21485     112.4   
3410.2     21397      143     21540     112.6   
3412.2     21451      143     21594     112.7   
3414.2     21451      143     21594     112.8   
3416.2     21451      143     21594     112.9   
3418.2     22811      143     22954     113.0   
3420.2     22866      144     23010     113.1   
3422.2     22893      144     23037     113.2   
3424.2     22920      144     23064     113.3   
3426.2     21478      144     21622     113.5   
3428.2     21505      144     21649     113.6   
3430.2     21559      144     21703     113.7   
3432.2     21586      144     21730     113.8   
3434.2     21586      144     21730     113.9   
3436.2     21640      144     21784     114.0   
3438.2     21668      144     21812     114.1   
3440.2     21667      145     21812     114.2   
3442.2     21722      145     21867     114.3   
3444.2     21776      145     21921     114.5   
3446.2     21803      145     21948     114.6   
3448.2     21803      145     21948     114.7   
3450.2     21776      145     21921     114.8   
3452.2     21803      145     21948     114.9   
3454.2     21830      145     21975     115.0   
3458.2     22020      146     22166     115.2   
3460.2     21912      146     22058     115.3   
3462.2     21993      146     22139     115.4   
3464.2     21966      146     22112     115.5   
3466.2     22020      146     22166     115.6   
3468.2     21966      146     22112     115.8   
3470.2     22075      146     22221     115.9   
3472.2     22074      146     22220     116.0   
3474.2     22129      147     22276     116.1   
3476.2     22102      147     22249     116.2   
3478.2     22156      147     22303     116.3   
3480.2     22210      147     22357     116.4   
3482.2     23681      147     23828     116.5   
3484.2     23735      147     23882     116.6   
3486.2     23817      147     23964     116.7   
3488.2     23844      147     23991     116.8   
3490.2     22183      148     22331     116.9   
3492.2     22237      148     22385     117.0   
3494.2     22264      148     22412     117.1   
3496.2     22292      148     22440     117.2   
3498.2     22319      148     22467     117.3   
3500.2     22373      148     22521     117.4   
3502.2     22346      148     22494     117.5   
