   4.2 283.  
   8.2 181.86
  12.2 169.47
  16.2 129.62
  20.2 130.06
  24.2 130.73
  28.2 131.52
  32.2 132.41
  36.2 133.09
  40.2 133.76
  44.2 134.66
  48.2 135.44
  52.2 136.34
  56.2 137.13
  60.2 137.91
  68.2 139.38
  72.2 140.16
  76.2 140.95
  80.2 141.85
  84.2 142.53
  88.2 143.43
  92.2 144.11
  96.2 144.9 
 100.2 145.69
 104.2 146.37
 108.2 147.16
 112.2 147.95
 116.2 148.63
 120.2 149.42
 124.2 150.1 
 132.2 151.58
 136.2 152.26
 140.2 153.05
 144.2 153.73
 148.2 154.42
 152.2 155.1 
 156.2 155.78
 160.2 156.35
 164.2 157.03
 168.2 157.6 
 172.2 158.4 
 176.2 159.08
 180.2 159.77
 184.2 160.45
 188.2 161.13
 196.2 162.5 
 200.2 163.07
 204.2 163.76
 208.2 164.44
 212.2 165.13
 216.2 165.7 
 220.2 166.39
 224.2 166.96
 228.2 167.65
 232.2 168.33
 236.2 168.91
 240.2 169.6 
 244.2 170.17
 248.2 170.86
 252.2 171.55
 260.2 172.92
 264.2 173.5 
 268.2 174.19
 272.2 174.76
 276.2 175.33
 280.2 175.91
 284.2 176.6 
 288.2 177.18
 292.2 177.64
 296.2 178.33
 300.2 178.79
 304.2 179.36
 308.2 180.06
 312.2 180.63
 316.2 181.21
 324.2 182.36
 328.2 182.83
 332.2 183.52
 336.2 183.98
 340.2 184.56
 344.2 185.14
 348.2 185.72
 352.2 186.29
 356.2 186.76
 360.2 187.22
 364.2 187.8 
 368.2 188.26
 372.2 188.84
 376.2 189.19
 380.2 189.77
 388.2 190.81
 392.2 191.28
 396.2 191.86
 400.2 192.32
 404.2 192.9 
 408.2 193.37
 412.2 193.95
 416.2 194.41
 420.2 194.99
 424.2 195.69
 428.2 196.16
 432.2 196.62
 436.2 197.2 
 440.2 197.78
 444.2 198.25
 452.2 199.3 
 456.2 199.76
 460.2 200.34
 464.2 200.93
 468.2 201.39
 472.2 201.97
 476.2 202.44
 480.2 202.91
 484.2 203.49
 488.2 203.96
 492.2 204.54
 496.2 205.01
 500.2 205.59
 504.2 206.06
 508.2 206.52
 516.2 207.46
 520.2 208.04
 524.2 208.51
 528.2 208.98
 532.2 209.56
 536.2 210.03
 540.2 210.5 
 544.2 210.96
 548.2 211.55
 552.2 211.9 
 556.2 212.48
 560.2 212.95
 564.2 213.42
 568.2 213.89
 572.2 214.36
 580.2 215.3 
 584.2 215.88
 588.2 216.23
 592.2 216.82
 596.2 217.29
 600.2 217.76
 604.2 218.23
 608.2 218.69
 612.2 219.16
 616.2 219.63
 620.2 219.99
 624.2 220.57
 628.2 221.04
 632.2 221.51
 636.2 221.98
 644.2 222.8 
 648.2 223.39
 652.2 223.74
 656.2 224.33
 660.2 224.68
 664.2 225.15
 668.2 225.62
 672.2 226.09
 676.2 226.56
 680.2 227.03
 684.2 227.38
 688.2 227.97
 692.2 228.44
 696.2 228.79
 700.2 229.26
 708.2 230.09
 712.2 230.56
 716.2 231.03
 720.2 231.38
 724.2 231.97
 728.2 232.32
 732.2 232.68
 736.2 233.15
 740.2 233.62
 744.2 234.09
 748.2 234.44
 752.2 234.91
 756.2 235.26
 760.2 235.74
 764.2 236.21
 772.2 237.03
 776.2 237.5 
 780.2 237.97
 784.2 238.33
 788.2 238.8 
 792.2 239.03
 796.2 239.51
 800.2 239.98
 804.2 240.33
 808.2 240.8 
 812.2 241.16
 816.2 241.63
 820.2 241.98
 824.2 242.45
 828.2 242.81
 836.2 243.75
 840.2 244.11
 844.2 244.34
 848.2 244.81
 852.2 245.29
 856.2 245.64
 860.2 245.99
 864.2 246.47
 868.2 246.82
 872.2 247.29
 876.2 247.65
 880.2 248.12
 884.2 248.36
 888.2 248.83
 892.2 249.18
 900.2 249.89
 904.2 250.37
 908.2 250.72
 912.2 251.19
 916.2 251.55
 920.2 251.9 
 924.2 252.37
 928.2 252.73
 932.2 253.2 
 936.2 253.56
 940.2 253.91
 944.2 254.27
 948.2 254.62
 952.2 255.09
 956.2 255.45
 964.2 256.16
 968.2 256.63
 972.2 256.99
 976.2 257.34
 980.2 257.7 
 984.2 258.17
 988.2 258.53
 992.2 258.88
 996.2 259.24
1000.2 259.59
1004.2 260.07
1008.2 260.42
1012.2 260.66
1016.2 261.14
1020.2 261.49
1028.2 262.32
1032.2 262.56
1036.2 263.03
1040.2 263.27
1044.2 263.74
1048.2 264.1 
1052.2 264.46
1056.2 264.93
1060.2 265.17
1064.2 265.64
1068.2 266.  
1072.2 266.35
1076.2 266.71
1080.2 267.07
1084.2 267.42
1092.2 268.13
1096.2 268.49
1100.2 268.85
1104.2 269.2 
1108.2 269.56
1112.2 269.92
1116.2 270.27
1120.2 270.63
1124.2 270.99
1128.2 271.34
1132.2 271.7 
1136.2 272.06
1140.2 272.53
1144.2 272.89
1148.2 273.24
1156.2 273.84
1160.2 274.19
1164.2 274.55
1168.2 274.91
1172.2 275.26
1176.2 275.62
1180.2 275.98
1184.2 276.33
1188.2 276.69
1192.2 276.93
1196.2 277.28
1200.2 277.64
1204.2 278.  
1208.2 278.35
1212.2 278.71
1220.2 279.42
1224.2 279.66
1228.2 280.13
1232.2 280.37
1236.2 280.73
1240.2 281.08
1244.2 281.44
1248.2 281.8 
1252.2 282.15
1256.2 282.39
1260.2 282.75
1264.2 283.11
1268.2 283.46
1272.2 283.82
1276.2 284.18
1284.2 284.77
1288.2 285.13
1292.2 285.48
1296.2 285.84
1300.2 286.08
1304.2 286.44
1308.2 286.79
1312.2 287.15
1316.2 287.39
1320.2 287.74
1324.2 288.1 
1328.2 288.34
1332.2 288.7 
1336.2 289.17
1340.2 289.41
1348.2 290.13
1352.2 290.36
1356.2 290.72
1360.2 291.08
1364.2 291.32
1368.2 291.67
1372.2 292.03
1376.2 292.39
1380.2 292.75
1384.2 292.99
1388.2 293.34
1392.2 293.7 
1396.2 293.94
1400.2 294.3 
1404.2 294.65
1412.2 295.25
1416.2 295.61
1420.2 295.84
1424.2 296.2 
1428.2 296.56
1432.2 296.8 
1436.2 297.15
1440.2 297.39
1444.2 297.75
1448.2 297.99
1452.2 298.47
1456.2 298.7 
1460.2 298.94
1464.2 299.3 
1468.2 299.66
1476.2 300.25
1480.2 300.61
1484.2 300.85
1488.2 301.21
1492.2 301.44
1496.2 301.8 
1500.2 302.04
1504.2 302.4 
1508.2 302.76
1512.2 303.  
1516.2 303.35
1520.2 303.59
1524.2 303.95
1528.2 304.19
1532.2 304.55
1540.2 305.14
1544.2 305.5 
1548.2 305.74
1552.2 306.1 
1556.2 306.34
1560.2 306.58
1564.2 306.93
1568.2 307.29
1572.2 307.53
1576.2 307.77
1580.2 308.13
1584.2 308.37
1588.2 308.72
1592.2 309.08
1596.2 309.32
1604.2 310.04
1608.2 310.28
1612.2 310.51
1616.2 310.87
1620.2 311.11
1624.2 311.47
1628.2 311.71
1632.2 312.07
1636.2 312.31
1640.2 312.54
1644.2 312.9 
1648.2 313.14
1652.2 313.5 
1656.2 313.86
1660.2 314.1 
1668.2 314.69
1672.2 314.93
1676.2 315.29
1680.2 315.53
1684.2 315.89
1688.2 316.13
1692.2 316.37
1696.2 316.72
1700.2 316.96
1704.2 317.32
1708.2 317.56
1712.2 317.92
1716.2 318.16
1720.2 318.4 
1724.2 318.76
1732.2 319.36
1736.2 319.6 
1740.2 319.96
1744.2 320.2 
1748.2 320.43
1752.2 320.67
1756.2 321.03
1760.2 321.27
1764.2 321.63
1768.2 321.87
1772.2 322.23
1776.2 322.47
1780.2 322.83
1784.2 323.07
1788.2 323.31
1796.2 323.91
1800.2 324.27
1804.2 324.39
1808.2 324.63
1812.2 324.99
1816.2 325.23
1820.2 325.47
1824.2 325.83
1828.2 326.07
1832.2 326.43
1836.2 326.67
1840.2 327.03
1844.2 327.27
1848.2 327.51
1852.2 327.75
1860.2 328.35
1864.2 328.59
1868.2 328.95
1872.2 329.19
1876.2 329.43
1880.2 329.79
1884.2 330.03
1888.2 330.27
1892.2 330.5 
1896.2 330.87
1900.2 331.11
1904.2 331.35
1908.2 331.59
1912.2 331.83
1916.2 332.19
1924.2 332.67
1928.2 333.03
1932.2 333.27
1936.2 333.51
1940.2 333.75
1944.2 334.11
1948.2 334.35
1952.2 334.59
1956.2 334.83
1960.2 335.19
1964.2 335.43
1968.2 335.79
1972.2 336.03
1976.2 336.27
1980.2 336.51
1988.2 337.12
1992.2 337.36
1996.2 337.6 
2000.2 337.84
2004.2 338.2 
2008.2 338.32
2012.2 338.68
2016.2 338.92
2020.2 339.28
2024.2 339.52
2028.2 339.76
2032.2 340.  
2036.2 340.24
2040.2 340.49
2044.2 340.73
2052.2 341.33
2056.2 341.57
2060.2 341.93
2064.2 342.17
2068.2 342.41
2072.2 342.66
2076.2 342.9 
2080.2 343.14
2084.2 343.38
2088.2 343.62
2092.2 343.98
2096.2 344.22
2100.2 344.46
2104.2 344.71
2108.2 344.95
2116.2 345.55
2120.2 345.67
2124.2 346.03
2128.2 346.27
2132.2 346.51
2136.2 346.75
2140.2 347.  
2144.2 347.24
2148.2 347.48
2152.2 347.84
2156.2 347.96
2160.2 348.32
2164.2 348.56
2168.2 348.8 
2172.2 349.17
2180.2 349.65
2184.2 349.89
2188.2 350.13
2192.2 350.38
2196.2 350.62
2200.2 350.86
2204.2 351.1 
2208.2 351.46
2212.2 351.71
2216.2 351.95
2220.2 352.19
2224.2 352.43
2228.2 352.67
2232.2 352.92
2236.2 353.16
2244.2 353.76
2248.2 354.01
2252.2 354.25
2256.2 354.49
2260.2 354.73
2264.2 354.97
2268.2 355.34
2272.2 355.46
2276.2 355.82
2280.2 355.94
2284.2 356.31
2288.2 356.55
2292.2 356.79
2296.2 357.03
2300.2 357.28
2308.2 357.76
2312.2 358.  
2316.2 358.25
2320.2 358.49
2324.2 358.85
2328.2 359.09
2332.2 359.34
2336.2 359.46
2340.2 359.82
2344.2 359.94
2348.2 360.31
2352.2 360.55
2356.2 360.79
2360.2 361.03
2364.2 361.28
2372.2 361.76
2376.2 362.01
2380.2 362.37
2384.2 362.61
2388.2 362.86
2392.2 362.98
2396.2 363.22
2400.2 363.58
2404.2 363.83
2408.2 364.07
2412.2 364.31
2416.2 364.56
2420.2 364.8 
2424.2 364.92
2428.2 365.28
2436.2 365.89
2440.2 366.01
2444.2 366.38
2448.2 366.62
2452.2 366.87
2456.2 367.11
2460.2 367.35
2464.2 367.47
2468.2 367.72
2472.2 368.08
2476.2 368.45
2480.2 368.57
2484.2 368.81
2488.2 369.05
2492.2 369.3 
2500.2 369.79
2504.2 370.15
2508.2 370.27
2512.2 370.52
2516.2 370.76
2520.2 371.  
2524.2 371.37
2528.2 371.61
2532.2 371.86
2536.2 372.1 
2540.2 372.22
2544.2 372.47
2548.2 372.71
2552.2 372.95
2556.2 373.2 
2564.2 373.69
2568.2 373.93
2572.2 374.17
2576.2 374.42
2580.2 374.66
2584.2 374.9 
2588.2 375.15
2592.2 375.51
2596.2 375.64
2600.2 375.88
2604.2 376.12
2608.2 376.37
2612.2 376.61
2616.2 376.86
2620.2 377.1 
2628.2 377.59
2632.2 377.83
2636.2 378.08
2640.2 378.32
2644.2 378.44
2648.2 378.69
2652.2 378.93
2656.2 379.17
2660.2 379.42
2664.2 379.79
2668.2 379.91
2672.2 380.15
2676.2 380.4 
2680.2 380.64
2684.2 380.88
2692.2 381.37
2696.2 381.62
2700.2 381.74
2704.2 381.99
2708.2 382.23
2712.2 382.47
2716.2 382.72
2720.2 382.96
2724.2 383.21
2728.2 383.45
2732.2 383.7 
2736.2 383.82
2740.2 384.07
2744.2 384.31
2748.2 384.56
2756.2 385.05
2760.2 385.17
2764.2 385.41
2768.2 385.66
2772.2 385.9 
2776.2 386.15
2780.2 386.39
2784.2 386.51
2788.2 386.88
2792.2 387.13
2796.2 387.25
2800.2 387.49
2804.2 387.62
2808.2 387.99
2812.2 388.23
2820.2 388.48
2824.2 388.84
2828.2 389.09
2832.2 389.21
2836.2 389.46
2840.2 389.7 
2844.2 389.95
2848.2 390.19
2852.2 390.44
2856.2 390.56
2860.2 390.93
2864.2 391.18
2868.2 391.3 
2872.2 391.54
2876.2 391.67
2884.2 392.28
2888.2 392.53
2892.2 392.65
2896.2 392.9 
2900.2 393.14
2904.2 393.27
2908.2 393.51
2912.2 393.88
2916.2 394.01
2920.2 394.25
2924.2 394.37
2928.2 394.62
2932.2 394.99
2936.2 395.11
2940.2 395.36
2948.2 395.85
2952.2 395.98
2956.2 396.22
2960.2 396.47
2964.2 396.72
2968.2 396.84
2972.2 397.09
2976.2 397.33
2980.2 397.46
2984.2 397.83
2988.2 397.95
2992.2 398.2 
2996.2 398.44
3000.2 398.69
3004.2 398.82
3012.2 399.31
3016.2 399.56
3020.2 399.8 
3024.2 400.05
3028.2 400.18
3032.2 400.42
3036.2 400.55
3040.2 400.79
3044.2 401.04
3048.2 401.29
3052.2 401.54
3056.2 401.66
3060.2 402.03
3064.2 402.16
3068.2 402.28
3076.2 402.9 
3080.2 403.03
3084.2 403.15
3088.2 403.4 
3092.2 403.52
3096.2 403.77
3100.2 404.02
3104.2 404.39
3108.2 404.51
3112.2 404.76
3116.2 405.01
3120.2 405.14
3124.2 405.26
3128.2 405.63
3132.2 405.88
3140.2 406.26
3144.2 406.38
3148.2 406.63
3152.2 407.  
3156.2 407.13
3160.2 407.25
3164.2 407.5 
3168.2 407.75
3172.2 407.88
3176.2 408.13
3180.2 408.37
3184.2 408.5 
3188.2 408.75
3192.2 409.  
3196.2 409.37
3204.2 409.63
3208.2 409.88
3212.2 410.13
3216.2 410.25
3220.2 410.5 
3224.2 410.75
3228.2 411.  
3232.2 411.13
3236.2 411.38
3240.2 411.51
3244.2 411.76
3248.2 412.01
3252.2 412.26
3256.2 412.39
3260.2 412.64
3268.2 413.02
3272.2 413.15
3276.2 413.4 
3280.2 413.65
3284.2 413.9 
3288.2 414.15
3292.2 414.28
3296.2 414.53
3300.2 414.66
3304.2 414.91
3308.2 415.16
3312.2 415.29
3316.2 415.42
3320.2 415.67
3324.2 415.92
3332.2 416.43
3336.2 416.55
3340.2 416.81
3344.2 417.06
3348.2 417.19
3352.2 417.56
3356.2 417.69
3360.2 417.94
3364.2 418.07
3368.2 418.33
3372.2 418.46
3376.2 418.71
3380.2 418.96
3384.2 419.09
3388.2 419.22
3396.2 419.73
3400.2 419.86
3404.2 420.11
3408.2 420.24
3412.2 420.49
3416.2 420.62
3420.2 420.88
3424.2 421.01
3428.2 421.26
3432.2 421.39
3436.2 421.65
3440.2 422.03
3444.2 422.16
3448.2 422.29
3452.2 422.42
3460.2 422.93
3464.2 423.19
3468.2 423.32
3472.2 423.45
3476.2 423.7 
3480.2 423.96
3484.2 424.09
3488.2 424.35
3492.2 424.48
3496.2 424.74
3500.2 425.12
