   0.07   16.07 0.08633 11.04900 1.42960
  16.07   32.07 0.12966  1.03960 0.60630
  32.07   48.07 0.12969  0.90964 0.47634
  48.07   64.07 0.17308  0.73638 0.43307
  64.07   80.07 0.17316  0.95312 0.47648
  80.07   96.07 0.08661  0.95323 0.43326
  96.07  112.07 0.04341  0.91004 0.43339
 112.07  128.07 0.08690  0.86687 0.43355
 128.07  144.07 0.08708  0.82373 0.43374
 144.07  160.07 0.04396  0.95395 0.43396
 160.07  176.07 0.08754  0.86754 0.43420
 176.07  192.07 0.08780  0.86781 0.43447
 192.07  208.07 0.13143  0.82479 0.43478
 208.07  224.07 0.08842  0.78179 0.43511
 224.07  240.07 0.13211  0.86883 0.43547
 240.07  256.07 0.13250  0.86923 0.43586
 256.07  272.07 0.08957  0.86965 0.43627
 272.07  288.07 0.13334  0.82677 0.43672
 288.07  304.07 0.09047  0.78391 0.43719
 304.07  320.07 0.13429  0.82776 0.43768
 320.07  336.07 0.09147  0.87163 0.43820
 336.07  352.07 0.04866  0.87218 0.43874
 352.07  368.07 0.04921  0.87275 0.48265
 368.07  384.07 0.09312  0.87335 0.43988
 384.07  400.07 0.05037  0.87395 0.48382
 400.07  416.07 0.13764  0.87457 0.44108
 416.07  432.07 0.09490  0.91855 0.48504
 432.07  448.07 0.09551  0.91919 0.48566
 448.07  464.07 0.09613  0.91983 0.48629
 464.07  480.07 0.09675  0.87712 0.48692
 480.07  496.07 0.18406  7.77150 0.83440
 496.07  512.07 0.83504  1.83230 1.18190
 512.07  528.07 0.74895  1.52940 1.09580
 528.07  544.07 0.79292  1.44330 1.05310
 544.07  560.07 0.66344  1.44400 1.01030
 560.07  576.07 0.70739  1.44460 1.01090
 576.07  592.07 0.70796  1.53190 1.05490
 592.07  608.07 0.83861  1.61920 1.09880
 608.07  624.07 0.88253  1.61980 1.14270
 624.07  640.07 0.88306  1.66370 1.18660
 640.07  656.07 0.92693  1.62080 1.23050
 656.07  672.07 1.01410  1.66470 1.27440
 672.07  688.07 0.97121  1.75190 1.27480
 688.07  704.07 1.05840  1.75230 1.31860
 704.07  720.07 1.05870  1.79610 1.36230
 720.07  736.07 1.10240  1.83980 1.36270
 736.07  752.07 1.10280  1.88350 1.40640
 752.07  768.07 1.10300  1.88380 1.40660
 768.07  784.07 1.19000  1.84060 1.45030
 784.07  800.07 1.19020  1.92760 1.49380
 800.07  816.07 1.19040  1.92780 1.49400
 816.07  832.07 1.23380  3.18580 2.10140
 832.07  848.07 2.40510  3.18590 2.70880
 848.07  864.07 2.36180  3.18600 2.70880
 864.07  880.07 2.36180  3.18600 2.70880
 880.07  896.07 2.36180  3.18590 2.66540
 896.07  912.07 2.31840  3.14250 2.66540
 912.07  928.07 2.27490  3.14240 2.66530
 928.07  944.07 2.31810  3.22900 2.62180
 944.07  960.07 2.27460  3.05540 2.62160
 960.07  976.07 2.23100  3.01180 2.53470
 976.07  992.07 2.23080  3.01160 2.57780
 992.07 1008.07 2.14380  3.01130 2.49080
1008.07 1024.07 2.14360  2.96770 2.44720
1024.07 1040.07 2.05650  2.88060 2.40350
1040.07 1056.07 1.96950  2.83690 2.31640
1056.07 1072.07 1.88240  2.70650 2.22940
1072.07 1088.07 1.88200  2.70610 2.18560
1088.07 1104.07 1.75150  2.70570 2.14190
1104.07 1120.07 1.70780  2.53180 2.05470
1120.07 1136.07 1.57730  2.44460 1.92420
1136.07 1152.07 1.40340  2.35750 1.88040
1152.07 1168.07 1.44630  2.27030 1.79320
1168.07 1184.07 1.44580  2.31320 1.74940
1184.07 1200.07 1.31530  2.09590 1.66220
1200.07 1216.07 1.22810  2.05200 1.57500
1216.07 1232.07 1.22760  1.96480 1.48780
1232.07 1248.07 0.96692  1.87750 1.40050
1248.07 1264.07 1.00980  1.87700 1.31330
1264.07 1280.07 0.79248  1.74640 1.26940
1280.07 1296.07 0.83533  1.70250 1.18220
1296.07 1312.07 0.79146  1.61530 1.09500
1312.07 1328.07 0.74760  1.48470 1.00770
1328.07 1344.07 0.70373  1.39740 0.96386
1344.07 1360.07 0.57316  1.39690 0.87664
1360.07 1376.07 0.48595  1.30970 0.83277
1376.07 1392.07 0.48544  1.26580 0.78891
1392.07 1408.07 0.48495  1.17860 0.74505
1408.07 1424.07 0.35440  1.17800 0.70120
1424.07 1440.07 0.31057  1.04750 0.65735
1440.07 1456.07 0.26674  1.13370 0.61352
1456.07 1472.07 0.30961  1.08980 0.65638
1472.07 1488.07 0.26580  0.95932 0.61256
1488.07 1504.07 0.30869  0.95885 0.56875
1504.07 1520.07 0.26490  1.00170 0.61164
1520.07 1536.07 0.22112  0.91459 0.56785
1536.07 1552.07 0.17735  0.91415 0.56742
1552.07 1568.07 0.22027  0.95706 0.56699
1568.07 1584.07 0.21987  0.95664 0.56658
1584.07 1600.07 0.17614  0.86955 0.52285
1600.07 1616.07 0.17577  0.91250 0.52246
1616.07 1632.07 0.21874  0.99879 0.52209
1632.07 1648.07 0.17505  0.86842 0.52174
1648.07 1664.07 0.17472  0.86807 0.52140
1664.07 1680.07 0.21773  0.91108 0.56441
1680.07 1696.07 0.17410  0.86743 0.52076
1696.07 1712.07 0.21714  0.91046 0.52047
1712.07 1728.07 0.21687  0.86685 0.52019
1728.07 1744.07 0.17329  1.03990 0.56327
1744.07 1760.07 0.21638  0.90967 0.56303
1760.07 1776.07 0.17283  0.99610 0.56280
1776.07 1792.07 0.21596  0.95257 0.56260
1792.07 1808.07 0.21578  0.99570 0.56241
1808.07 1824.07 0.17229  0.90888 0.51892
1824.07 1840.07 0.25880  0.95205 0.51877
1840.07 1856.07 0.17201  0.86527 0.56197
1856.07 1872.07 0.21523  0.86515 0.51853
1872.07 1888.07 0.21515  0.90839 0.51844
1888.07 1904.07 0.21508  0.90832 0.56170
1904.07 1920.07 0.17170  0.95160 0.51832
1920.07 1936.07 0.21500  0.95157 0.56162
1936.07 1952.07 0.25831  0.99488 0.56161
1952.07 1968.07 0.25832  0.82158 0.56162
1968.07 1984.07 0.25835  0.86494 0.56165
1984.07 2000.07 0.21507  0.86499 0.51837
2000.07 2016.07 0.25847  0.99505 0.51844
2016.07 2032.07 0.25855  0.99514 0.56185
2032.07 2048.07 0.21533  0.95193 0.56196
2048.07 2064.07 0.12880  0.90873 0.56209
2064.07 2080.07 0.25893  0.90888 0.56224
2080.07 2096.07 0.21577  0.86573 0.56241
2096.07 2112.07 0.25928  0.90925 0.56260
2112.07 2128.07 0.21615  0.95280 0.56281
2128.07 2144.07 0.25971  0.95303 0.51970
2144.07 2160.07 0.21661  0.90995 0.56328
2160.07 2176.07 0.21687  0.95356 0.52021
2176.07 2192.07 0.21715  0.95385 0.56383
2192.07 2208.07 0.21744  0.95417 0.52080
2208.07 2224.07 0.21775  0.95450 0.52112
2224.07 2240.07 0.26142  0.95485 0.52146
2240.07 2256.07 0.26177  0.91188 0.52181
2256.07 2272.07 0.26214  0.99894 0.56553
2272.07 2288.07 0.21918  0.95601 0.60927
2288.07 2304.07 0.26292  0.95643 0.56633
2304.07 2320.07 0.22000  0.91353 0.56676
2320.07 2336.07 0.26377  0.95733 0.56721
2336.07 2352.07 0.17753  0.91446 0.56767
2352.07 2368.07 0.22134  0.91495 0.56814
2368.07 2384.07 0.22182  0.95881 0.52528
2384.07 2400.07 0.30902  0.95933 0.56915
2400.07 2416.07 0.17947  0.91652 0.48296
2416.07 2432.07 0.22335  0.87371 0.52685
2432.07 2448.07 0.22389  0.91764 0.52740
2448.07 2464.07 0.26780  0.96159 0.61469
2464.07 2480.07 0.22501  0.96219 0.57192
2480.07 2496.07 0.26896  0.91944 0.57251
2496.07 2512.07 0.31292  0.87670 0.57312
2512.07 2528.07 0.14008  0.92071 0.53038
2528.07 2544.07 0.22742  0.96474 0.53101
2544.07 2560.07 0.18469  0.92203 0.53166
2560.07 2576.07 0.18534  0.96609 0.53232
2576.07 2592.07 0.27273  0.96679 0.57637
2592.07 2608.07 0.31678  0.96750 0.57706
2608.07 2624.07 0.23071  0.96821 0.53437
2624.07 2640.07 0.23140  0.96895 0.53507
2640.07 2656.07 0.23211  0.92630 0.57918
2656.07 2672.07 0.27620  0.92705 0.57991
2672.07 2688.07 0.23355  0.97120 0.53725
2688.07 2704.07 0.27766  1.01540 0.58140
2704.07 2720.07 0.23502  0.92936 0.58215
2720.07 2736.07 0.23578  0.97355 0.53952
2736.07 2752.07 0.23654  0.93095 0.54030
2752.07 2768.07 0.23731  1.01860 0.58448
2768.07 2784.07 0.28147  0.97598 0.58528
2784.07 2800.07 0.28226  0.97681 0.54266
2800.07 2816.07 0.28305  0.93422 0.58688
2816.07 2832.07 0.19712  0.89164 0.58770
2832.07 2848.07 0.24129  0.93590 0.58852
2848.07 2864.07 0.15546  0.93675 0.54593
2864.07 2880.07 0.32970  0.98104 0.59018
2880.07 2896.07 0.28714  0.98191 0.59102
2896.07 2912.07 0.20126  0.98278 0.59186
2912.07 2928.07 0.24544  0.94021 0.59271
2928.07 2944.07 0.28966  0.94109 0.59357
2944.07 2960.07 0.20382  0.89852 0.59442
2960.07 2976.07 0.24801  0.98631 0.59529
2976.07 2992.07 0.24887  0.98720 0.59615
2992.07 3008.07 0.29309  0.90118 0.55358
3008.07 3024.07 0.20731  1.07590 0.59789
3024.07 3040.07 0.25148  1.51150 0.55532
3040.07 3056.07 0.25236  1.16470 0.55620
3056.07 3072.07 0.29658  0.99169 0.60052
3072.07 3088.07 0.29746  0.90565 0.60140
3088.07 3104.07 0.25501  0.99350 0.60228
3104.07 3120.07 0.25590  0.90745 0.55971
3120.07 3136.07 0.25679  0.99532 0.60404
3136.07 3152.07 0.30099  0.95273 0.56147
3152.07 3168.07 0.25857  0.91015 0.56234
3168.07 3184.07 0.25946  0.99803 0.56322
3184.07 3200.07 0.30364  1.04240 0.60756
3200.07 3216.07 0.26125  0.99983 0.60844
3216.07 3232.07 0.17597  0.91372 0.56585
3232.07 3248.07 0.26303  0.95812 0.61019
3248.07 3264.07 0.26392  0.91550 0.61105
3264.07 3280.07 0.22168  0.91638 0.56845
3280.07 3296.07 0.26569  1.04780 0.61278
3296.07 3312.07 0.18059  1.00520 0.52672
3312.07 3328.07 0.18151  0.87548 0.57103
3328.07 3344.07 0.22526  0.91986 0.57187
3344.07 3360.07 0.09966  0.92072 0.57272
3360.07 3376.07 0.18425  1.00860 0.53010
3376.07 3392.07 0.10169  0.92241 0.57439
3392.07 3408.07 0.14382  0.92325 0.57521
3408.07 3424.07 0.14475  0.92408 0.57603
3424.07 3440.07 0.14569  0.92490 0.57684
3440.07 3456.07 0.18873  0.92572 0.57764
3456.07 3472.07 0.10670  0.88298 0.53498
3472.07 3488.07 0.23308  0.97086 0.57922
