   0.02   16.02 42.9010
  16.02   32.02 25.0260
  32.02   48.02 23.4350
  48.02   64.02 23.4050
  64.02   80.02 23.4370
  80.02   96.02 23.3460
  96.02  112.02 23.4080
 112.02  128.02 23.3790
 128.02  144.02 23.3490
 144.02  160.02 23.3500
 160.02  176.02 23.3820
 176.02  192.02 23.3830
 192.02  208.02 23.3540
 208.02  224.02 23.3550
 224.02  240.02 23.3250
 240.02  256.02 23.3260
 256.02  272.02 23.2970
 272.02  288.02 23.3590
 288.02  304.02 23.2990
 304.02  320.02 23.3310
 320.02  336.02 23.3320
 336.02  352.02 23.3330
 352.02  368.02 23.3340
 368.02  384.02 23.3050
 384.02  400.02 23.2750
 400.02  416.02 23.2760
 416.02  432.02 23.3080
 432.02  448.02 23.2780
 448.02  464.02 23.2800
 464.02  480.02 23.2810
 480.02  496.02 23.2820
 496.02  512.02 23.2520
 512.02  528.02 23.2530
 528.02  544.02 23.2840
 544.02  560.02 23.2550
 560.02  576.02 23.2550
 576.02  592.02 23.2410
 592.02  608.02 23.2260
 608.02  624.02 23.2570
 624.02  640.02 23.2270
 640.02  656.02 23.2590
 656.02  672.02 23.1980
 672.02  688.02 23.2290
 688.02  704.02 23.1980
 704.02  720.02 23.2290
 720.02  736.02 23.1680
 736.02  752.02 23.2600
 752.02  768.02 23.1990
 768.02  784.02 23.1990
 784.02  800.02 23.1990
 800.02  816.02 23.1990
 816.02  832.02 23.2300
 832.02  848.02 23.1990
 848.02  864.02 23.1990
 864.02  880.02 23.1370
 880.02  896.02 23.2290
 896.02  912.02 23.1670
 912.02  928.02 23.1970
 928.02  944.02 23.1660
 944.02  960.02 23.2270
 960.02  976.02 23.1650
 976.02  992.02 23.1650
 992.02 1008.02 23.1640
1008.02 1024.02 23.2250
1024.02 1040.02 23.1630
1040.02 1056.02 23.1930
1056.02 1072.02 23.1610
1072.02 1088.02 23.1910
1088.02 1104.02 23.1900
1104.02 1120.02 23.1890
1120.02 1136.02 23.1880
1136.02 1152.02 23.1880
1152.02 1168.02 23.1870
1168.02 1184.02 23.1860
1184.02 1200.02 23.2150
1200.02 1216.02 23.1830
1216.02 1232.02 23.2130
1232.02 1248.02 23.2120
1248.02 1264.02 23.2110
1264.02 1280.02 23.1790
1280.02 1296.02 23.2090
1296.02 1312.02 23.1770
1312.02 1328.02 23.2370
1328.02 1344.02 23.1440
1344.02 1360.02 23.2650
1360.02 1376.02 23.1720
1376.02 1392.02 23.2020
1392.02 1408.02 23.2620
1408.02 1424.02 23.2300
1424.02 1440.02 23.1980
1440.02 1456.02 23.2280
1456.02 1472.02 23.1960
1472.02 1488.02 23.2260
1488.02 1504.02 23.1940
1504.02 1520.02 23.2240
1520.02 1536.02 23.2220
1536.02 1552.02 23.2520
1552.02 1568.02 23.2510
1568.02 1584.02 23.2190
1584.02 1600.02 23.2180
1600.02 1616.02 23.2170
1616.02 1632.02 23.2160
1632.02 1648.02 23.2460
1648.02 1664.02 23.2140
1664.02 1680.02 23.2440
1680.02 1696.02 23.2430
1696.02 1712.02 23.2420
1712.02 1728.02 23.2420
1728.02 1744.02 23.2410
1744.02 1760.02 23.2400
1760.02 1776.02 23.2390
1776.02 1792.02 23.2390
1792.02 1808.02 23.2380
1808.02 1824.02 23.2680
1824.02 1840.02 23.2670
1840.02 1856.02 23.2360
1856.02 1872.02 23.2510
1872.02 1888.02 23.2660
1888.02 1904.02 23.2340
1904.02 1920.02 23.2340
1920.02 1936.02 23.2950
1936.02 1952.02 23.2330
1952.02 1968.02 23.2630
1968.02 1984.02 23.2630
1984.02 2000.02 23.2630
2000.02 2016.02 23.2320
2016.02 2032.02 23.2930
2032.02 2048.02 23.2620
2048.02 2064.02 23.2620
2064.02 2080.02 23.2620
2080.02 2096.02 23.2310
2096.02 2112.02 23.2620
2112.02 2128.02 23.2920
2128.02 2144.02 23.2310
2144.02 2160.02 23.2620
2160.02 2176.02 23.2620
2176.02 2192.02 23.2620
2192.02 2208.02 23.2620
2208.02 2224.02 23.2320
2224.02 2240.02 23.2620
2240.02 2256.02 23.2930
2256.02 2272.02 23.2320
2272.02 2288.02 23.2940
2288.02 2304.02 23.2640
2304.02 2320.02 23.2640
2320.02 2336.02 23.2640
2336.02 2352.02 23.2650
2352.02 2368.02 23.2650
2368.02 2384.02 23.2660
2384.02 2400.02 23.2670
2400.02 2416.02 23.2360
2416.02 2432.02 23.2680
2432.02 2448.02 23.2680
2448.02 2464.02 23.3000
2464.02 2480.02 23.2390
2480.02 2496.02 23.2700
2496.02 2512.02 23.2710
2512.02 2528.02 23.2720
2528.02 2544.02 23.2730
2544.02 2560.02 23.2740
2560.02 2576.02 23.2750
2576.02 2592.02 23.2760
2592.02 2608.02 23.2460
2608.02 2624.02 23.2770
2624.02 2640.02 23.2780
2640.02 2656.02 23.2490
2656.02 2672.02 23.3110
2672.02 2688.02 23.2510
2688.02 2704.02 23.2520
2704.02 2720.02 23.2840
2720.02 2736.02 23.2540
2736.02 2752.02 23.2860
2752.02 2768.02 23.2870
2768.02 2784.02 23.2270
2784.02 2800.02 23.2900
2800.02 2816.02 23.2290
2816.02 2832.02 23.2920
2832.02 2848.02 23.2630
2848.02 2864.02 23.2640
2864.02 2880.02 23.2650
2880.02 2896.02 23.2970
2896.02 2912.02 23.2370
2912.02 2928.02 23.2690
2928.02 2944.02 23.2710
2944.02 2960.02 23.2720
2960.02 2976.02 23.2430
2976.02 2992.02 23.2750
2992.02 3008.02 23.2450
3008.02 3024.02 23.2780
3024.02 3040.02 23.2480
3040.02 3056.02 23.2500
3056.02 3072.02 23.2510
3072.02 3088.02 23.2830
3088.02 3104.02 23.2240
3104.02 3120.02 23.2560
3120.02 3136.02 23.2570
3136.02 3152.02 23.2590
3152.02 3168.02 23.2300
3168.02 3184.02 23.2620
3184.02 3200.02 23.2330
3200.02 3216.02 23.2340
3216.02 3232.02 23.2360
3232.02 3248.02 23.2680
3248.02 3264.02 23.2390
3264.02 3280.02 23.2400
3280.02 3296.02 23.2420
3296.02 3312.02 23.2440
3312.02 3328.02 23.2140
3328.02 3344.02 23.2470
3344.02 3360.02 23.2180
3360.02 3376.02 23.2500
3376.02 3392.02 23.2210
3392.02 3408.02 23.2840
3408.02 3424.02 23.2240
3424.02 3440.02 23.2560
3440.02 3456.02 23.2270
3456.02 3472.02 23.1820
3472.02 3488.02 23.1990
