      0    8.02 51.9890
   8.02   24.02 29.0120
  24.02   40.02 24.3800
  40.02   56.02 23.4890
  56.02   72.02 23.3960
  72.02   88.02 23.4260
  88.02  104.02 23.3960
 104.02  120.02 23.3660
 120.02  136.02 23.3980
 136.02  152.02 23.3690
 152.02  168.02 23.4020
 168.02  184.02 23.4040
 184.02  200.02 23.4070
 200.02  216.02 23.4090
 216.02  232.02 23.3500
 232.02  248.02 23.3220
 248.02  264.02 23.3850
 264.02  280.02 23.3560
 280.02  296.02 23.3580
 296.02  312.02 23.3300
 312.02  328.02 23.3930
 328.02  344.02 23.3640
 344.02  360.02 23.3350
 360.02  376.02 23.3670
 376.02  392.02 23.3080
 392.02  408.02 23.3100
 408.02  424.02 23.3110
 424.02  440.02 23.3130
 440.02  456.02 23.3150
 456.02  472.02 23.3160
 472.02  488.02 23.2870
 488.02  504.02 23.2890
 504.02  520.02 23.3210
 520.02  536.02 23.2610
 536.02  552.02 23.2940
 552.02  568.02 23.2950
 568.02  584.02 23.2960
 584.02  600.02 23.2360
 600.02  616.02 23.2680
 616.02  632.02 23.2700
 632.02  648.02 23.2710
 648.02  664.02 23.2720
 664.02  680.02 23.2420
 680.02  696.02 23.2430
 696.02  712.02 23.2440
 712.02  728.02 23.2140
 728.02  744.02 23.2460
 744.02  760.02 23.2460
 760.02  776.02 23.2470
 776.02  792.02 23.2170
 792.02  808.02 23.2170
 808.02  824.02 23.2500
 824.02  840.02 23.2510
 840.02  856.02 23.2220
 856.02  872.02 23.1930
 872.02  888.02 23.2550
 888.02  904.02 23.2260
 904.02  920.02 23.1960
 920.02  936.02 23.2280
 936.02  952.02 23.2290
 952.02  968.02 23.2300
 968.02  984.02 23.2000
 984.02 1000.02 23.2310
1000.02 1016.02 23.2320
1016.02 1032.02 23.2010
1032.02 1048.02 23.2630
1048.02 1064.02 23.2020
1064.02 1080.02 23.2020
1080.02 1096.02 23.2630
1096.02 1112.02 23.2020
1112.02 1128.02 23.2630
1128.02 1144.02 23.2320
1144.02 1160.02 23.2310
1160.02 1176.02 23.2310
1176.02 1192.02 23.2310
1192.02 1208.02 23.2300
1208.02 1224.02 23.2290
1224.02 1240.02 23.2900
1240.02 1256.02 23.2280
1256.02 1272.02 23.2270
1272.02 1288.02 23.2570
1288.02 1304.02 23.2560
1304.02 1320.02 23.2240
1320.02 1336.02 23.2240
1336.02 1352.02 23.2530
1352.02 1368.02 23.2830
1368.02 1384.02 23.2210
1384.02 1400.02 23.2510
1400.02 1416.02 23.2800
1416.02 1432.02 23.2490
1432.02 1448.02 23.2480
1448.02 1464.02 23.2470
1464.02 1480.02 23.2460
1480.02 1496.02 23.2450
1496.02 1512.02 23.2750
1512.02 1528.02 23.2430
1528.02 1544.02 23.2730
1544.02 1560.02 23.2720
1560.02 1576.02 23.2710
1576.02 1592.02 23.2700
1592.02 1608.02 23.2390
1608.02 1624.02 23.2690
1624.02 1640.02 23.2370
1640.02 1656.02 23.2980
1656.02 1672.02 23.2660
1672.02 1688.02 23.2660
1688.02 1704.02 23.2650
1704.02 1720.02 23.2950
1720.02 1736.02 23.2640
1736.02 1752.02 23.2630
1752.02 1768.02 23.2930
1768.02 1784.02 23.2620
1784.02 1800.02 23.2610
1800.02 1816.02 23.2920
1816.02 1832.02 23.2910
1832.02 1848.02 23.2910
1848.02 1864.02 23.2900
1864.02 1880.02 23.2590
1880.02 1896.02 23.2900
1896.02 1912.02 23.2900
1912.02 1928.02 23.2890
1928.02 1944.02 23.2590
1944.02 1960.02 23.3200
1960.02 1976.02 23.2580
1976.02 1992.02 23.2890
1992.02 2008.02 23.2890
2008.02 2024.02 23.2890
2024.02 2040.02 23.3200
2040.02 2056.02 23.2590
2056.02 2072.02 23.2890
2072.02 2088.02 23.2900
2088.02 2104.02 23.2900
2104.02 2120.02 23.2900
2120.02 2136.02 23.3210
2136.02 2152.02 23.2910
2152.02 2168.02 23.2610
2168.02 2184.02 23.2920
2184.02 2200.02 23.2930
2200.02 2216.02 23.2930
2216.02 2232.02 23.2630
2232.02 2248.02 23.3250
2248.02 2264.02 23.2960
2264.02 2280.02 23.2960
2280.02 2296.02 23.2670
2296.02 2312.02 23.3290
2312.02 2328.02 23.2990
2328.02 2344.02 23.3000
2344.02 2360.02 23.2710
2360.02 2376.02 23.3030
2376.02 2392.02 23.3040
2392.02 2408.02 23.2740
2408.02 2424.02 23.2760
2424.02 2440.02 23.3080
2440.02 2456.02 23.3090
2456.02 2472.02 23.2800
2472.02 2488.02 23.2820
2488.02 2504.02 23.2830
2504.02 2520.02 23.3150
2520.02 2536.02 23.2860
2536.02 2552.02 23.2880
2552.02 2568.02 23.3210
2568.02 2584.02 23.2920
2584.02 2600.02 23.2630
2600.02 2616.02 23.2960
2616.02 2632.02 23.3280
2632.02 2648.02 23.3300
2648.02 2664.02 23.2710
2664.02 2680.02 23.2730
2680.02 2696.02 23.3370
2696.02 2712.02 23.2770
2712.02 2728.02 23.3100
2728.02 2744.02 23.3120
2744.02 2760.02 23.2840
2760.02 2776.02 23.2860
2776.02 2792.02 23.2890
2792.02 2808.02 23.2910
2808.02 2824.02 23.2630
2824.02 2840.02 23.3270
2840.02 2856.02 23.2990
2856.02 2872.02 23.3010
2872.02 2888.02 23.3040
2888.02 2904.02 23.2760
2904.02 2920.02 23.2790
2920.02 2936.02 23.3430
2936.02 2952.02 23.2840
2952.02 2968.02 23.3480
2968.02 2984.02 23.2590
2984.02 3000.02 23.2930
3000.02 3016.02 23.3570
3016.02 3032.02 23.2680
3032.02 3048.02 23.3020
3048.02 3064.02 23.3350
3064.02 3080.02 23.2770
3080.02 3096.02 23.3110
3096.02 3112.02 23.3140
3112.02 3128.02 23.2860
3128.02 3144.02 23.2890
3144.02 3160.02 23.3240
3160.02 3176.02 23.2650
3176.02 3192.02 23.3300
3192.02 3208.02 23.3030
3208.02 3224.02 23.3060
3224.02 3240.02 23.2790
3240.02 3256.02 23.3130
3256.02 3272.02 23.3160
3272.02 3288.02 23.2890
3288.02 3304.02 23.3230
3304.02 3320.02 23.2650
3320.02 3336.02 23.3000
3336.02 3352.02 23.3030
3352.02 3368.02 23.2760
3368.02 3384.02 23.2490
3384.02 3400.02 23.3150
3400.02 3416.02 23.2570
3416.02 3432.02 23.2910
3432.02 3448.02 23.2330
3448.02 3464.02 23.2680
3464.02 3480.02 23.3030
3480.02 3496.02 23.2760
