-240.555  362 2 1
-240.242  786 1 1
-239.977    3 3 1
-239.93   363 2 1
-239.617  786 1 1
-239.305  365 2 1
-238.992  788 1 1
-238.977    4 3 1
-238.68   365 2 1
-238.367  788 1 1
-238.055  366 2 1
-237.977    3 3 1
-237.742  787 1 1
-237.43   365 2 1
-237.117  786 1 1
-236.977    1 3 1
-236.805  362 2 1
-236.492  784 1 1
-236.18   361 2 1
-235.977    2 3 1
-235.867  785 1 1
-235.852  119 7 0
-235.555  362 2 1
-235.242  787 1 1
-234.977    2 3 1
-234.93   363 2 1
-234.617  789 1 1
-234.305  365 2 1
-233.992  789 1 1
-233.977    3 3 1
-233.68   366 2 1
-233.367  790 1 1
-233.055  368 2 1
-232.977    3 3 1
-232.742  791 1 1
-232.43   367 2 1
-232.117  790 1 1
-231.977    2 3 1
-231.805  367 2 1
-231.492  788 1 1
-231.18   365 2 1
-230.977    1 3 1
-230.867  788 1 1
-230.555  364 2 1
-230.242  788 1 1
-229.977    1 3 1
-229.93   364 2 1
-229.617  789 1 1
-229.305  366 2 1
-228.992  791 1 1
-228.977    3 3 1
-228.68   368 2 1
-228.367  793 1 1
-228.055  370 2 1
-227.977    3 3 1
-227.852  115 4 0
-227.742  794 1 1
-227.43   371 2 1
-227.117  795 1 1
-226.977    3 3 1
-226.805  372 2 1
-226.492  794 1 1
-226.18   371 2 1
-225.977    2 3 1
-225.867  793 1 1
-225.555  370 2 1
-225.242  793 1 1
-224.977    1 3 1
-224.93   369 2 1
-224.617  793 1 1
-224.305  370 2 1
-223.992  795 1 1
-223.977    2 3 1
-223.68   371 2 1
-223.367  796 1 1
-223.055  374 2 1
-222.977    3 3 1
-222.742  797 1 1
-222.43   375 2 1
-222.117  800 1 1
-221.977    4 3 1
-221.805  377 2 1
-221.492  800 1 1
-221.18   378 2 1
-220.977    3 3 1
-220.867  800 1 1
-220.555  378 2 1
-220.242  799 1 1
-219.977    2 3 1
-219.93   377 2 1
-219.852  117 5 0
-219.617  799 1 1
-219.305  375 2 1
-218.992  799 1 1
-218.977    1 3 1
-218.68   375 2 1
-218.367  800 1 1
-218.055  377 2 1
-217.977    2 3 1
-217.742  802 1 1
-217.43   379 2 1
-217.117  803 1 1
-216.977    3 3 1
-216.805  381 2 1
-216.492  805 1 1
-216.18   383 2 1
-215.977    3 3 1
-215.867  806 1 1
-215.555  385 2 1
-215.242  807 1 1
-214.977    2 3 1
-214.93   385 2 1
-214.617  806 1 1
-214.305  383 2 1
-213.992  806 1 1
-213.977    1 3 1
-213.68   382 2 1
-213.367  806 1 1
-213.055  383 2 1
-212.977    1 3 1
-212.742  808 1 1
-212.43   385 2 1
-212.117  809 1 1
-211.977    2 3 1
-211.852  125 8 0
-211.805  387 2 1
-211.492  812 1 1
-211.18   390 2 1
-210.977    3 3 1
-210.867  814 1 1
-210.555  392 2 1
-210.242  816 1 1
-209.977    3 3 1
-209.93   395 2 1
-209.617  817 1 1
-209.305  395 2 1
-208.992  818 1 1
-208.977    2 3 1
-208.68   395 2 1
-208.367  818 1 1
-208.055  394 2 1
-207.977    1 3 1
-207.742  819 1 1
-207.43   395 2 1
-207.117  821 1 1
-206.977    2 3 1
-206.805  398 2 1
-206.492  823 1 1
-206.18   401 2 1
-205.977    3 3 1
-205.867  826 1 1
-205.555  404 2 1
-205.242  829 1 1
-204.977    4 3 1
-204.93   407 2 1
-204.617  832 1 1
-204.305  410 2 1
-203.992  834 1 1
-203.977    3 3 1
-203.852  119 6 0
-203.68   413 2 1
-203.367  836 1 1
-203.055  415 2 1
-202.977    2 3 1
-202.742  836 1 1
-202.43   415 2 1
-202.117  839 1 1
-201.977    1 3 1
-201.805  416 2 1
-201.492  843 1 1
-201.18   421 2 1
-200.977    2 3 1
-200.867  846 1 1
-200.555  425 2 1
-200.242  852 1 1
-199.977    3 3 1
-199.93   430 2 1
-199.617  856 1 1
-199.305  435 2 1
-198.992  860 1 1
-198.977    4 3 1
-198.68   440 2 1
-198.367  864 1 1
-198.055  443 2 1
-197.977    2 3 1
-197.742  867 1 1
-197.43   445 2 1
-197.117  868 1 1
-196.977    1 3 1
-196.805  447 2 1
-196.492  872 1 1
-196.18   449 2 1
-195.977    1 3 1
-195.867  875 1 1
-195.852  119 7 0
-195.555  454 2 1
-195.242  881 1 1
-194.977    2 3 1
-194.93   460 2 1
-194.617  887 1 1
-194.305  467 2 1
-193.992  894 1 1
-193.977    3 3 1
-193.68   473 2 1
-193.367  899 1 1
-193.055  480 2 1
-192.977    3 3 1
-192.742  905 1 1
-192.43   486 2 1
-192.117  908 1 1
-191.977    2 3 1
-191.805  490 2 1
-191.492  914 1 1
-191.18   493 2 1
-190.977    1 3 1
-190.867  919 1 1
-190.555  498 2 1
-190.242  925 1 1
-189.977    1 3 1
-189.93   504 2 1
-189.617  931 1 1
-189.305  511 2 1
-188.992  938 1 1
-188.977    3 3 1
-188.68   519 2 1
-188.367  947 1 1
-188.055  528 2 1
-187.977    3 3 1
-187.852  115 4 0
-187.742  954 1 1
-187.43   536 2 1
-187.117  961 1 1
-186.977    3 3 1
-186.805  543 2 1
-186.492  967 1 1
-186.18   550 2 1
-185.977    2 3 1
-185.867  974 1 1
-185.555  555 2 1
-185.242  981 1 1
-184.977    1 3 1
-184.93   561 2 1
-184.617  988 1 1
-184.305  570 2 1
-183.992  996 1 1
-183.977    2 3 1
-183.68   579 2 1
-183.367 1005 1 1
-183.055  588 2 1
-182.977    3 3 1
-182.742 1016 1 1
-182.43   599 2 1
-182.117 1027 1 1
-181.977    3 3 1
-181.805  611 2 1
-181.492 1039 1 1
-181.18   625 2 1
-180.977    2 3 1
-180.867 1051 1 1
-180.555  636 2 1
-180.242 1062 1 1
-179.977    1 3 1
-179.93   647 2 1
-179.852  117 5 0
-179.617 1076 1 1
-179.305  660 2 1
-178.992 1090 1 1
-178.977    1 3 1
-178.68   675 2 1
-178.367 1107 1 1
-178.055  694 2 1
-177.977    2 3 1
-177.742 1126 1 1
-177.43   715 2 1
-177.117 1148 1 1
-176.977    2 3 1
-176.805  739 2 1
-176.492 1172 1 1
-176.18   765 2 1
-175.977    2 3 1
-175.867 1199 1 1
-175.555  794 2 1
-175.242 1229 1 1
-174.977    2 3 1
-174.93   825 2 1
-174.617 1259 1 1
-174.305  853 2 1
-173.992 1288 1 1
-173.977    1 3 1
-173.68   882 2 1
-173.367 1319 1 1
-173.055  914 2 1
-172.977    1 3 1
-172.742 1352 1 1
-172.43   948 2 1
-172.117 1385 1 1
-171.977    2 3 1
-171.852  125 8 0
-171.805  982 2 1
-171.492 1418 1 1
-171.18  1013 2 1
-170.977    3 3 1
-170.867 1449 1 1
-170.555 1043 2 1
-170.242 1478 1 1
-169.977    3 3 1
-169.93  1076 2 1
-169.617 1511 1 1
-169.305 1112 2 1
-168.992 1546 1 1
-168.977    3 3 1
-168.68  1147 2 1
-168.367 1583 1 1
-168.055 1183 2 1
-167.977    2 3 1
-167.742 1623 1 1
-167.43  1228 2 1
-167.117 1670 1 1
-166.977    1 3 1
-166.805 1278 2 1
-166.492 1724 1 1
-166.18  1336 2 1
-165.977    2 3 1
-165.867 1787 1 1
-165.555 1406 2 1
-165.242 1867 1 1
-164.977    3 3 1
-164.93  1506 2 1
-164.617 1980 1 1
-164.305 1635 2 1
-163.992 2124 1 1
-163.977    3 3 1
-163.852  119 6 0
-163.68  1796 2 1
-163.367 2296 1 1
-163.055 1977 2 1
-162.977    2 3 1
-162.742 2466 1 1
-162.43  2133 2 1
-162.117 2616 1 1
-161.977    1 3 1
-161.805 2280 2 1
-161.492 2766 1 1
-161.18  2447 2 1
-160.977    1 3 1
-160.867 2951 1 1
-160.555 2640 2 1
-160.242 3146 1 1
-159.977    3 3 1
-159.93  2832 2 1
-159.617 3319 1 1
-159.305 2984 2 1
-158.992 3464 1 1
-158.977    2 3 1
-158.68  3151 2 1
-158.367 3660 1 1
-158.055 3372 2 1
-157.977    2 3 1
-157.742 1093 1 2
-157.43  3679 2 1
-157.117  141 1 2
-156.977    3 3 1
-156.805  141 2 2
-156.492  160 1 2
-156.18   158 2 2
-155.977    4 3 1
-155.867  179 1 2
-155.852  119 7 0
-155.555  180 2 2
-155.242  201 1 2
-154.977    5 3 1
-154.93   201 2 2
-154.617  224 1 2
-154.305  227 2 2
-153.992  252 1 2
-153.977    8 3 1
-153.68   261 2 2
-153.367  293 1 2
-153.055  300 2 2
-152.977    6 3 1
-152.742  336 1 2
-152.43   341 2 2
-152.117  371 1 2
-151.977    2 3 1
-151.805  389 2 2
-151.492  451 1 2
-151.18   489 2 2
-150.977   12 3 1
-150.867  535 1 2
-150.555  552 2 2
-150.242  587 1 2
-149.977   21 3 1
-149.93   607 2 2
-149.617  667 1 2
-149.305  720 2 2
-148.992  765 1 2
-148.977   22 3 1
-148.68   812 2 2
-148.367  862 1 2
-148.055  904 2 2
-147.977   47 3 1
-147.852  115 4 0
-147.742  956 1 2
-147.43   999 2 2
-147.117 1066 1 2
-146.977   31 3 1
-146.805 1148 2 2
-146.492 1206 1 2
-146.18  1260 2 2
-145.977   43 3 1
-145.867 1313 1 2
-145.555 1362 2 2
-145.242 1433 1 2
-144.977   41 3 1
-144.93  1496 2 2
-144.617 1568 1 2
-144.305 1653 2 2
-143.992 1782 1 2
-143.977   75 3 1
-143.68  2025 2 2
-143.367 2166 1 2
-143.055 2270 2 2
-142.977   60 3 1
-142.742 2423 1 2
-142.43  2644 2 2
-142.117 2905 1 2
-141.977   93 3 1
-141.805 3207 2 2
-141.492 3482 1 2
-141.18  3748 2 2
-140.977   83 3 1
-140.867  125 1 3
-140.555  135 2 3
-140.242  146 1 3
-139.977   97 3 1
-139.93   153 2 3
-139.852  117 5 0
-139.617  163 1 3
-139.305  175 2 3
-138.992  188 1 3
-138.977   48 3 1
-138.68   212 2 3
-138.367  230 1 3
-138.055  250 2 3
-137.977   22 3 1
-137.742  274 1 3
-137.43   297 2 3
-137.117  317 1 3
-136.977   54 3 1
-136.805  338 2 3
-136.492  363 1 3
-136.18   385 2 3
-135.977   51 3 1
-135.867  408 1 3
-135.555  434 2 3
-135.242  473 1 3
-134.977   51 3 1
-134.93   521 2 3
-134.617  564 1 3
-134.305  613 2 3
-133.992  682 1 3
-133.977   63 3 1
-133.68   719 2 3
-133.367  765 1 3
-133.055  826 2 3
-132.977   62 3 1
-132.742  900 1 3
-132.43   955 2 3
-132.117 1025 1 3
-131.977   93 3 1
-131.852  126 8 0
-131.805 1107 2 3
-131.492 1173 1 3
-131.18  1300 2 3
-130.977   89 3 1
-130.867 1396 1 3
-130.555 1485 2 3
-130.242 1584 1 3
-129.977  125 3 1
-129.93  1722 2 3
-129.617 1863 1 3
-129.305   61 2 4
-128.992   64 1 4
-128.977  132 3 1
-128.68    70 2 4
-128.367   75 1 4
-128.055   81 2 4
-127.977  181 3 1
-127.742   88 1 4
-127.43    99 2 4
-127.117  106 1 4
-126.977    5 3 2
-126.805  111 2 4
-126.492  118 1 4
-126.18   124 2 4
-125.977    8 3 2
-125.867  134 1 4
-125.555  151 2 4
-125.242  159 1 4
-124.977    5 3 2
-124.93   168 2 4
-124.617  176 1 4
-124.305  194 2 4
-123.992  213 1 4
-123.977   11 3 2
-123.852  119 6 0
-123.68   232 2 4
-123.367  244 1 4
-123.055  257 2 4
-122.977   17 3 2
-122.742  274 1 4
-122.43   290 2 4
-122.117  308 1 4
-121.977   16 3 2
-121.805  324 2 4
-121.492  341 1 4
-121.18   362 2 4
-120.977   22 3 2
-120.867  390 1 4
-120.555  415 2 4
-120.242  440 1 4
-119.977   43 3 2
-119.93   470 2 4
-119.617  497 1 4
-119.305  526 2 4
-118.992  562 1 4
-118.977   66 3 2
-118.68   623 2 4
-118.367  660 1 4
-118.055  692 2 4
-117.977   39 3 2
-117.742  724 1 4
-117.43   768 2 4
-117.117  819 1 4
-116.977  112 3 2
-116.805  884 2 4
-116.492  946 1 4
-116.18  1007 2 4
-115.977  133 3 2
-115.867 1056 1 4
-115.852  120 7 0
-115.555 1109 2 4
-115.242 1158 1 4
-114.977   23 3 3
-114.93  1225 2 4
-114.617 1308 1 4
-114.305 1369 2 4
-113.992 1458 1 4
-113.977    8 3 3
-113.68  1540 2 4
-113.367 1623 1 4
-113.055 1691 2 4
-112.977   15 3 3
-112.742 1766 1 4
-112.43  1856 2 4
-112.117 1921 1 4
-111.977   31 3 3
-111.805 1975 2 4
-111.492 2020 1 4
-111.18  2081 2 4
-110.977   36 3 3
-110.867 2104 1 4
-110.555 2139 2 4
-110.242 2182 1 4
-109.977   41 3 3
-109.93  2210 2 4
-109.617 2264 1 4
-109.461 2284 1 4
-109.305 2284 1 4
-109.305 2281 2 4
-109.148 2295 1 4
-108.992 2297 1 4
-108.977   86 3 3
-108.836 2291 1 4
-108.68  2287 1 4
-108.68  2284 2 4
-108.523 2278 1 4
-108.367 2284 1 4
-108.055 2268 2 4
-107.977   82 3 3
-107.852  116 4 0
-107.742 2253 1 4
-107.43  2236 2 4
-107.117 2218 1 4
-106.977   58 3 3
-106.805 2189 2 4
-106.492 2163 1 4
-106.18  2127 2 4
-105.977   53 3 3
-105.867 2113 1 4
-105.555 2099 2 4
-105.242 2063 1 4
-104.977   43 3 3
-104.93  2017 2 4
-104.617 1979 1 4
-104.305 1935 2 4
-103.992 1895 1 4
-103.977   55 3 3
-103.68  1864 2 4
-103.367 1812 1 4
-103.055 1784 2 4
-102.977   76 3 3
-102.742 1730 1 4
-102.43  1692 2 4
-102.117 1639 1 4
-101.977   51 3 3
-101.805 1577 2 4
-101.492 1537 1 4
-101.18  1515 2 4
-100.977   36 3 3
-100.867 1480 1 4
-100.555 1421 2 4
-100.242 1387 1 4
 -99.977   42 3 3
 -99.93  1355 2 4
 -99.852  120 5 0
 -99.617 1316 1 4
 -99.305 1277 2 4
 -98.992 1235 1 4
 -98.977   29 3 3
 -98.68  1192 2 4
 -98.367 1159 1 4
 -98.055 1109 2 4
 -97.977   29 3 3
 -97.742 1076 1 4
 -97.43  1047 2 4
 -97.117 1016 1 4
 -96.977   27 3 3
 -96.805  989 2 4
 -96.492  959 1 4
 -96.18   924 2 4
 -95.977   23 3 3
 -95.867  893 1 4
 -95.555  855 2 4
 -95.242  818 1 4
 -94.977   18 3 3
 -94.93   793 2 4
 -94.617  761 1 4
 -94.305  729 2 4
 -93.992  702 1 4
 -93.977   15 3 3
 -93.68   678 2 4
 -93.367  653 1 4
 -93.055  625 2 4
 -92.977   12 3 3
 -92.742  601 1 4
 -92.43   576 2 4
 -92.117  553 1 4
 -91.977   10 3 3
 -91.852  126 8 0
 -91.805  534 2 4
 -91.492  517 1 4
 -91.18   498 2 4
 -90.977    7 3 3
 -90.867  478 1 4
 -90.555  463 2 4
 -90.242  448 1 4
 -89.977  100 3 2
 -89.93   435 2 4
 -89.617  425 1 4
 -89.305  409 2 4
 -88.992  397 1 4
 -88.977   70 3 2
 -88.68   386 2 4
 -88.367  375 1 4
 -88.055  364 2 4
 -87.977   72 3 2
 -87.742  354 1 4
 -87.43   343 2 4
 -87.117  332 1 4
 -86.977   72 3 2
 -86.805  323 2 4
 -86.492  316 1 4
 -86.18   307 2 4
 -85.977   69 3 2
 -85.867  298 1 4
 -85.555  288 2 4
 -85.242  280 1 4
 -84.977   55 3 2
 -84.93   271 2 4
 -84.617  262 1 4
 -84.305  256 2 4
 -83.992  248 1 4
 -83.977   29 3 2
 -83.852  119 6 0
 -83.68   240 2 4
 -83.367  233 1 4
 -83.055  227 2 4
 -82.977   27 3 2
 -82.742  220 1 4
 -82.43   214 2 4
 -82.117  208 1 4
 -81.977   44 3 2
 -81.805  203 2 4
 -81.492  196 1 4
 -81.18   192 2 4
 -80.977   59 3 2
 -80.867  188 1 4
 -80.555  184 2 4
 -80.242  179 1 4
 -79.977   49 3 2
 -79.93   175 2 4
 -79.617  171 1 4
 -79.305  167 2 4
 -78.992  163 1 4
 -78.977   48 3 2
 -78.68   161 2 4
 -78.367  157 1 4
 -78.055  154 2 4
 -77.977   40 3 2
 -77.742  150 1 4
 -77.43   148 2 4
 -77.117  144 1 4
 -76.977   20 3 2
 -76.805  142 2 4
 -76.492  138 1 4
 -76.18   136 2 4
 -75.977   30 3 2
 -75.867  133 1 4
 -75.852  120 7 0
 -75.555  130 2 4
 -75.242  127 1 4
 -74.977   20 3 2
 -74.93   126 2 4
 -74.617  122 1 4
 -74.305  123 2 4
 -73.992  120 1 4
 -73.977   24 3 2
 -73.68   117 2 4
 -73.367  115 1 4
 -73.055  112 2 4
 -72.977    2 3 2
 -72.742  109 1 4
 -72.43   107 2 4
 -72.117  104 1 4
 -71.977   14 3 2
 -71.805  102 2 4
 -71.492  100 1 4
 -71.18    99 2 4
 -70.977   11 3 2
 -70.867   97 1 4
 -70.555   95 2 4
 -70.242   93 1 4
 -69.977   18 3 2
 -69.93    91 2 4
 -69.617   89 1 4
 -69.305   87 2 4
 -68.992   85 1 4
 -68.977   10 3 2
 -68.68    83 2 4
 -68.367   82 1 4
 -68.055   80 2 4
 -67.977   12 3 2
 -67.852  119 4 0
 -67.742   80 1 4
 -67.43    78 2 4
 -67.117   76 1 4
 -66.977   29 3 2
 -66.805   74 2 4
 -66.492   73 1 4
 -66.18    71 2 4
 -65.977   48 3 2
 -65.867   69 1 4
 -65.555   67 2 4
 -65.242   66 1 4
 -64.977   60 3 2
 -64.93    64 2 4
 -64.617   62 1 4
 -64.305   61 2 4
 -63.992   60 1 4
 -63.977   71 3 2
 -63.68    60 2 4
 -63.367   59 1 4
 -63.055   59 2 4
 -62.977   77 3 2
 -62.742   57 1 4
 -62.43  1800 2 3
 -62.117 1758 1 3
 -61.977   65 3 2
 -61.805 1713 2 3
 -61.492 1694 1 3
 -61.18  1661 2 3
 -60.977   98 3 2
 -60.867 1640 1 3
 -60.555 1607 2 3
 -60.242 1560 1 3
 -59.977   94 3 2
 -59.93  1534 2 3
 -59.852  121 5 0
 -59.617 1517 1 3
 -59.305 1476 2 3
 -58.992 1461 1 3
 -58.977  100 3 2
 -58.68  1444 2 3
 -58.367 1404 1 3
 -58.055 1394 2 3
 -57.977  113 3 2
 -57.742 1384 1 3
 -57.43  1318 2 3
 -57.117 1317 1 3
 -56.977  119 3 2
 -56.805 1298 2 3
 -56.492 1308 1 3
 -56.18  1246 2 3
 -55.977  114 3 2
 -55.867 1246 1 3
 -55.555 1202 2 3
 -55.242 1207 1 3
 -54.977  116 3 2
 -54.93  1185 2 3
 -54.617 1172 1 3
 -54.305 1146 2 3
 -53.992 1160 1 3
 -53.977  120 3 2
 -53.68  1120 2 3
 -53.367 1119 1 3
 -53.055 1091 2 3
 -52.977  129 3 2
 -52.742 1100 1 3
 -52.43  1115 2 3
 -52.117 1071 1 3
 -51.977  128 3 2
 -51.852  126 8 0
 -51.805 1027 2 3
 -51.492 1044 1 3
 -51.18   998 2 3
 -50.977  141 3 2
 -50.867 1038 1 3
 -50.555  975 2 3
 -50.242  999 1 3
 -49.977  143 3 2
 -49.93   900 2 3
 -49.617  920 1 3
 -49.305  902 2 3
 -48.992  836 1 3
 -48.977  150 3 2
 -48.68   822 2 3
 -48.367  833 1 3
 -48.055  774 2 3
 -47.977  140 3 2
 -47.742  798 1 3
 -47.43   763 2 3
 -47.117  758 1 3
 -46.977  131 3 2
 -46.805  747 2 3
 -46.492  787 1 3
 -46.18   725 2 3
 -45.977  115 3 2
 -45.867  754 1 3
 -45.555  743 2 3
 -45.242  798 1 3
 -44.977  127 3 2
 -44.93   759 2 3
 -44.617  781 1 3
 -44.305  813 2 3
 -43.992  771 1 3
 -43.977  108 3 2
 -43.852  119 6 0
 -43.68   743 2 3
 -43.367  766 1 3
 -43.055  746 2 3
 -42.977  116 3 2
 -42.742  735 1 3
 -42.43   718 2 3
 -42.117  771 1 3
 -41.977  123 3 2
 -41.805  760 2 3
 -41.492  788 1 3
 -41.18   728 2 3
 -40.977   95 3 2
 -40.867  742 1 3
 -40.555  784 2 3
 -40.242  797 1 3
 -39.977  115 3 2
 -39.93   733 2 3
 -39.617  810 1 3
 -39.305  783 2 3
 -38.992  793 1 3
 -38.977  108 3 2
 -38.68   735 2 3
 -38.367  790 1 3
 -38.055  809 2 3
 -37.977   83 3 2
 -37.742  792 1 3
 -37.43   733 2 3
 -37.117  798 1 3
 -36.977  108 3 2
 -36.805  798 2 3
 -36.492  802 1 3
 -36.18   795 2 3
 -35.977   76 3 2
 -35.867  828 1 3
 -35.852  120 7 0
 -35.555  829 2 3
 -35.242  828 1 3
 -34.977  103 3 2
 -34.93   764 2 3
 -34.617  772 1 3
 -34.305  819 2 3
 -33.992  830 1 3
 -33.977   86 3 2
 -33.68   766 2 3
 -33.367  831 1 3
 -33.055  857 2 3
 -32.977   75 3 2
 -32.742  830 1 3
 -32.43   805 2 3
 -32.117  831 1 3
 -31.977  106 3 2
 -31.805  868 2 3
 -31.492  880 1 3
 -31.18   831 2 3
 -30.977   47 3 2
 -30.867  827 1 3
 -30.555  893 2 3
 -30.242  925 1 3
 -29.977  109 3 2
 -29.93   868 2 3
 -29.617  829 1 3
 -29.305  867 2 3
 -28.992  937 1 3
 -28.977   38 3 2
 -28.68   883 2 3
 -28.367  904 1 3
 -28.055  849 2 3
 -27.977   98 3 2
 -27.852  118 4 0
 -27.742  879 1 3
 -27.43   889 2 3
 -27.117  897 1 3
 -26.977   26 3 2
 -26.805  878 2 3
 -26.492  898 1 3
 -26.18   948 2 3
 -25.977  102 3 2
 -25.867  901 1 3
 -25.555  885 2 3
 -25.242  911 1 3
 -24.977   41 3 2
 -24.93   894 2 3
 -24.617  926 1 3
 -24.305  932 2 3
 -23.992  835 1 3
 -23.977  106 3 2
 -23.68   901 2 3
 -23.367  923 1 3
 -23.055  946 2 3
 -22.977   13 3 2
 -22.742  886 1 3
 -22.43   884 2 3
 -22.117  895 1 3
 -21.977   88 3 2
 -21.805  906 2 3
 -21.492  921 1 3
 -21.18   873 2 3
 -20.977   14 3 2
 -20.867  901 1 3
 -20.555  942 2 3
 -20.242  991 1 3
 -19.977   80 3 2
 -19.93   937 2 3
 -19.852  120 5 0
 -19.617  891 1 3
 -19.305  936 2 3
 -18.992  928 1 3
 -18.977   33 3 2
 -18.68   948 2 3
 -18.367  893 1 3
 -18.055  904 2 3
 -17.977   60 3 2
 -17.742  880 1 3
 -17.43   955 2 3
 -17.117  934 1 3
 -16.977   58 3 2
 -16.805  918 2 3
 -16.492  895 1 3
 -16.18   924 2 3
 -15.977   54 3 2
 -15.867  911 1 3
 -15.555  962 2 3
 -15.242  934 1 3
 -14.977   38 3 2
 -14.93   903 2 3
 -14.617  930 1 3
 -14.305  957 2 3
 -13.992  931 1 3
 -13.977   21 3 2
 -13.68   913 2 3
 -13.367  938 1 3
 -13.055  930 2 3
 -12.977   50 3 2
 -12.742  902 1 3
 -12.43   891 2 3
 -12.117  922 1 3
 -11.977   29 3 2
 -11.852  126 8 0
 -11.805  974 2 3
 -11.492  946 1 3
 -11.18   909 2 3
 -10.977   46 3 2
 -10.867  917 1 3
 -10.555  867 2 3
 -10.242  908 1 3
  -9.977   26 3 2
  -9.93   953 2 3
  -9.617  859 1 3
  -9.305  862 2 3
  -8.992  915 1 3
  -8.977   53 3 2
  -8.68   907 2 3
  -8.367  889 1 3
  -8.055  896 2 3
  -7.977    5 3 2
  -7.742  888 1 3
  -7.43   905 2 3
  -7.117  897 1 3
  -6.977   52 3 2
  -6.805  912 2 3
  -6.492  887 1 3
  -6.18   904 2 3
  -5.977   17 3 2
  -5.867  871 1 3
  -5.555  895 2 3
  -5.242  938 1 3
  -4.977   40 3 2
  -4.93   876 2 3
  -4.617  881 1 3
  -4.305  898 2 3
  -3.992  923 1 3
  -3.977   13 3 2
  -3.852  119 6 0
  -3.68   901 2 3
  -3.367  924 1 3
  -3.055  886 2 3
  -2.977   37 3 2
  -2.742  883 1 3
  -2.43   942 2 3
  -2.117  883 1 3
  -1.977   16 3 2
  -1.805  922 2 3
  -1.492  880 1 3
  -1.18   880 2 3
  -0.977   30 3 2
