-1192.40       2960     -1.55 -1191.40       2974     -1.75 -1190.90       2987     -1.6  -1190.50       2990     -1.6 
 -227.852       115     -0.71  -219.852       117     -0.73  -203.852       119     -0.39  -235.852       119     -0.61
 -187.852       115     -0.71  -179.852       117     -0.73  -163.852       119     -0.39  -195.852       119     -0.61
 -147.852       115     -0.71  -139.852       117     -0.73  -123.852       119     -0.39  -155.852       119     -0.61
 -107.852       116     -0.11   -99.852       120      1.1    -83.852       119     -0.39  -115.852       120     -0.02
  -67.852       119      1.68   -59.852       121      1.71   -43.852       119     -0.39   -75.852       120     -0.02
  -27.852       118      1.09   -19.852       120      1.1     -3.852       119     -0.39   -35.852       120     -0.02
   24.265       117      0.49    16.265       119      0.49    32.265       119     -0.39    40.265       120     -0.02
   88.265       115     -0.71    80.265       115     -1.96    96.265       118     -0.99   104.265       117     -1.8 
  152.265       109     -4.31   144.265       105     -8.14   160.265       112     -4.57   168.265       113     -4.19
  216.265       103     -7.95   208.265        98    -12.51   224.265       107     -7.58   232.265       107     -7.8 
  280.265        96    -12.22   272.265        91    -16.93   288.265       100    -11.82   296.265       100    -12.05
  344.265        89    -16.53   336.265        85    -20.74   352.265        94    -15.48   360.265        94    -15.71
  408.265        83    -20.26   400.265        81    -23.3    416.265        88    -19.17   424.265        88    -19.41
  472.265        78    -23.38   464.265        76    -26.52   480.265        82    -22.89   488.265        82    -23.14
  536.265        73    -26.52   528.265        72    -29.11   544.265        77    -26.01   552.265        77    -26.27
  600.265        69    -29.05   592.265        69    -31.06   608.265        73    -28.51   616.265        73    -28.78
  664.265        66    -30.96   656.265        67    -32.36   672.265        70    -30.4    680.265        70    -30.68
  728.265        64    -32.23   720.265        65    -33.67   736.265        67    -32.3    744.265        67    -32.58
  792.265        63    -32.87   784.265        64    -34.32   800.265        66    -32.93   808.265        66    -33.22
  856.265        62    -33.51   848.265        64    -34.32   864.265        65    -33.57   872.265        66    -33.22
  920.265        63    -32.87   912.265        65    -33.67   928.265        66    -32.93   936.265        66    -33.22
  984.265        64    -32.23   976.265        67    -32.36   992.265        67    -32.3   1000.265        67    -32.58
 1048.265        65    -31.59  1040.265        69    -31.06  1056.265        68    -31.67  1064.265        69    -31.31
 1112.265        67    -30.32  1104.265        72    -29.11  1120.265        71    -29.77  1128.265        71    -30.04
 1176.265        70    -28.42  1168.265        76    -26.52  1184.265        74    -27.89  1192.265        74    -28.15
 1240.265        74    -25.89  1232.265        80    -23.94  1248.265        77    -26.01  1256.265        77    -26.27
 1304.265        78    -23.38  1296.265        85    -20.74  1312.265        81    -23.51  1320.265        81    -23.76
 1368.265        82    -20.88  1360.265        90    -17.56  1376.265        86    -20.41  1384.265        86    -20.65
 1432.265        87    -17.77  1424.265        95    -14.4   1440.265        91    -17.32  1448.265        91    -17.56
 1496.265        92    -14.68  1488.265       101    -10.63  1504.265        96    -14.26  1512.265        96    -14.49
 1560.265        97    -11.61  1552.265       107     -6.9   1568.265       102    -10.6   1576.265       102    -10.83
 1624.265       103     -7.95  1616.265       113     -3.19  1632.265       108     -6.97  1640.265       108     -7.2 
 1688.265       110     -3.71  1680.265       120      1.1   1696.265       114     -3.37  1704.265       114     -3.59
 1752.265       116     -0.11  1744.265       127      5.35  1760.265       121      0.8   1768.265       121      0.57
 1816.265       122      3.47  1808.265       134      9.57  1824.265       127      4.34  1832.265       127      4.11
 1880.265       129      7.6   1872.265       141     13.74  1888.265       134      8.44  1896.265       134      8.21
 1944.265       136     11.7   1936.265       148     17.87  1952.265       141     12.5   1960.265       141     12.27
 2008.265       143     15.76  2000.265       155     21.96  2016.265       148     16.53  2024.265       148     16.28
 2072.265       150     19.78  2064.265       163     26.59  2080.265       156     21.09  2088.265       156     20.83
 2136.265       158     24.34  2128.265       170     30.6   2144.265       163     25.03  2152.265       163     24.76
 2200.265       165     28.28  2192.265       178     35.13  2208.265       171     29.5   2216.265       171     29.21
 2264.265       173     32.74  2256.265       186     39.61  2272.265       179     33.92  2280.265       179     33.61
 2328.265       181     37.16  2320.265       194     44.04  2336.265       187     38.3   2344.265       187     37.96
 2392.265       189     41.52  2384.265       202     48.42  2400.265       195     42.62  2408.265       195     42.25
 2456.265       197     45.84  2448.265       210     52.75  2464.265       203     46.9   2472.265       203     46.5 
 2520.265       205     50.11  2512.265       218     57.02  2528.265       211     51.13  2536.265       211     50.69
 2584.265       213     54.33  2576.265       226     61.25  2592.265       219     55.31  2600.265       219     54.84
 2648.265       221     58.5   2640.265       234     65.42  2656.265       228     59.96  2664.265       228     59.44
 2712.265       229     62.62  2704.265       242     69.54  2720.265       236     64.04  2728.265       236     63.48
 2776.265       238     67.2   2768.265       250     73.61  2784.265       244     68.07  2792.265       244     67.47
 2840.265       246     71.22  2832.265         2     77.63  2848.265       253     72.55  2856.265       252     71.4 
 2904.265       254     75.19  2896.265        10     81.59  2912.265         5     76.48  2920.265         4     75.29
 2968.265         6     79.11  2960.265        18     85.51  2976.265        13     80.37  2984.265        13     79.6 
 3032.265        14     82.99  3024.265        26     89.37  3040.265        21     84.2   3048.265        21     83.38
 3096.265        22     86.81  3088.265        34     93.18  3104.265        29     87.99  3112.265        29     87.1 
 3160.265        30     90.59  3152.265        42     96.94  3168.265        37     91.73  3176.265        37     90.78
 3224.265        39     94.78  3216.265        50    100.65  3232.265        45     95.42  3240.265        45     94.4 
 3288.265        46     98.    3280.265        55    102.94  3296.265        52     98.62  3304.265        52     97.53
 3352.265        52    100.72  3344.265        57    103.85  3360.265        55     99.97  3368.265        56     99.31
 3416.265        55    102.08  3408.265        59    104.76  3424.265        57    100.87  3432.265        57     99.75
 3480.265        56    102.53  3472.265        61    105.66  3488.265        59    101.77  3496.265        60    101.07
