-50.00     2005.0     685.00     2460.0     1740.0   
-48.00     1925.0     670.00     2356.0     1680.0   
-46.00     1845.0     655.00     2252.0     1620.0   
-44.00     1765.0     640.00     2151.0     1561.0   
-42.00     1685.0     625.00     2053.0     1503.0   
-40.00     1605.0     610.00     1955.0     1445.0   
-38.00     1525.0     595.00     1853.0     1385.0   
-36.00     1445.0     580.00     1751.0     1325.0   
-34.00     1368.0     565.00     1649.0     1264.0   
-32.00     1294.0     550.00     1547.0     1202.0   
-30.00     1220.0     535.00     1445.0     1150.0   
-28.00     1144.0     520.00     1339.0     1092.0   
-26.00     1068.0     505.00     1233.0     1034.0   
-24.00      991.0     490.00     1128.0      975.0   
-22.00      913.0     475.00     1024.0      915.0   
-20.00      835.0     460.00      920.0      855.0   
-18.00      759.0     445.00      833.0      795.0   
-16.00      675.0     430.00      745.0      743.0   
-12.00      545.0     400.00      623.0      653.0   
 -8.00      478.0     370.00      544.0      602.0   
 -4.00      425.0     348.00      491.0      553.0   
  0.00      392.0     328.00      455.0      523.0   
  4.00      380.0     320.00      435.0      511.0   
  8.00      378.0     320.00      436.0      511.0   
 12.00      387.0     322.00      443.0      541.0   
 16.00      405.0     332.00      470.0      588.0   
 20.00      440.0     351.00      499.0      640.0   
 24.00      485.0     375.00      538.0      695.0   
 28.00      540.0     402.00      612.0      773.0   
 32.00      630.0     445.00      710.0      883.0   
 36.00      715.0     492.00      800.0      985.0   
 40.00      808.0     538.00      915.0     1107.0   
 44.00      905.0     587.00     1012.0     1211.0   
 48.00      998.0     620.00     1152.0     1315.0   
 50.00     1050.0     635.00     1220.0     1370.0   
 52.00     1096.0     646.00     1282.0     1426.0   
 54.00     1142.0     657.00     1344.0     1482.0   
 56.00     1190.0     669.00     1406.0     1537.0   
 58.00     1238.0     683.00     1468.0     1592.0   
 60.00     1287.0     696.00     1530.0     1647.0   
 62.00     1333.0     704.00     1592.0     1700.0   
 64.00     1379.0     712.00     1654.0     1753.0   
 66.00     1427.0     721.00     1716.0     1807.0   
 68.00     1476.0     730.00     1778.0     1861.0   
 70.00     1525.0     738.00     1840.0     1915.0   
 72.00     1571.0     746.00     1900.0     1969.0   
 74.00     1617.0     753.00     1960.0     2024.0   
                                                     
-50.00     2870.0                                    
-48.00     2766.0                                    
-46.00     2662.0                                    
-44.00     2558.0                                    
-42.00     2454.0                                    
-40.00     2350.0                                    
-38.00     2246.0                                    
-36.00     2142.0                                    
-34.00     2038.0                                    
-32.00     1934.0                                    
-30.00     1830.0                                    
-28.00     1722.0                                    
-26.00     1614.0                                    
-24.00     1506.0                                    
-22.00     1398.0                                    
-20.00     1290.0                                    
-18.00     1195.0                                    
-16.00     1099.0                                    
-12.00      940.0                                    
-8.000      847.0                                    
-4.000      793.0                                    
 0.000      780.0                                    
 4.000      794.0                                    
 8.000      830.0                                    
12.000      914.0                                    
16.000     1010.0                                    
20.000     1130.0                                    
24.000     1290.0                                    
28.000     1390.0                                    
32.000     1585.0                                    
36.000     1800.0                                    
40.000     1985.0                                    
44.000     2040.0                                    
48.000     2105.0                                    
