  0.39431       1.27510       0.76506       1.05740   
  0.39806       1.25790       0.82423       1.04230   
  0.40583       1.21590       0.93444       1.01220   
  0.41362       1.16540       1.02830       0.98346   
  0.42141       1.10650       1.10610       0.95621   
  0.42922       1.03950       1.16820       0.93036   
  0.43705       0.96447       1.21500       0.90588   
  0.44489       0.88162       1.24680       0.88271   
  0.45274       0.79111       1.26400       0.86084   
  0.46060       0.69313       1.26690       0.84021   
  0.46848       0.58783       1.25590       0.82080   
  0.47277       0.52765       1.24410       0.81075   
  0.47803       0.45093       1.22430       0.79889   
  0.48858       0.28825       1.16720       0.77665   
  0.49916       0.11359       1.08730       0.75634   
  0.50976      -0.07266       0.98538       0.73787   
  0.52039      -0.27015       0.86218       0.72117   
  0.53105      -0.47851       0.71841       0.70617   
  0.54174      -0.69738       0.55478       0.69277   
  0.55245      -0.92641       0.37197       0.68091   
  0.56319      -1.16530       0.17067       0.67051   
  0.57396      -1.41360      -0.04847       0.66150   
  0.57976      -1.55070      -0.17331       0.65721   
  0.58652      -1.71360      -0.32468       0.65268   
  0.60006      -2.04950      -0.64656       0.64506   
  0.61366      -2.39850      -0.99292       0.63923   
  0.62730      -2.75990      -1.36260       0.63509   
  0.64099      -3.13310      -1.75440       0.63249   
  0.65473      -3.51760      -2.16720       0.63132   
  0.66852      -3.91280      -2.60000       0.63145   
  0.68235      -4.31810      -3.05160       0.63278   
  0.69625      -4.73330      -3.52150       0.63519   
  0.71019      -5.15710      -4.00770       0.63858   
  0.71763      -5.38610      -4.27290       0.64074   
  0.72604      -5.64720      -4.57730       0.64345   
  0.74291      -6.17760      -5.20150       0.64966   
  0.75985      -6.71860      -5.84530       0.65678   
  0.77687      -7.26920      -6.50720       0.66465   
  0.79397      -7.82870      -7.18560       0.67310   
  0.81115      -8.39620      -7.87910       0.68199   
  0.82841      -8.97100      -8.58620       0.69116   
  0.84575      -9.55220      -9.30570       0.70048   
  0.86317     -10.13900     -10.03600       0.70980   
  0.88068     -10.73100     -10.77600       0.71900   
  0.88998     -11.04700     -11.17200       0.72379   
  0.90027     -11.39600     -11.61100       0.72896   
  0.92091     -12.09700     -12.49400       0.73887   
  0.94166     -12.80200     -13.38600       0.74808   
  0.96254     -13.51000     -14.28300       0.75641   
  0.98353     -14.22000     -15.18600       0.76370   
  1.00460     -14.93000     -16.09100       0.76980   
  1.02590     -15.64100     -16.99800       0.77456   
  1.04720     -16.35200     -17.90500       0.77784   
  1.06870     -17.06100     -18.81100       0.77950   
  1.09030     -17.76700     -19.71500       0.77942   
  1.10170     -18.13900     -20.19000       0.77865   
  1.11420     -18.54100     -20.70400       0.77720   
  1.13920     -19.34000     -21.72500       0.77236   
  1.16430     -20.13300     -22.73800       0.76480   
  1.18970     -20.91900     -23.74100       0.75437   
  1.21520     -21.69700     -24.73300       0.74095   
  1.24080     -22.46600     -25.71200       0.72443   
  1.26670     -23.22500     -26.67700       0.70469   
  1.29270     -23.97500     -27.62700       0.68165   
  1.31880     -24.71200     -28.56100       0.65522   
  1.34520     -25.43800     -29.47700       0.62532   
  1.35910     -25.81600     -29.95300       0.60814   
  1.37410     -26.21500     -30.45500       0.58871   
  1.40410     -27.00100     -31.44000       0.54643   
  1.43440     -27.76900     -32.40000       0.49953   
  1.46490     -28.51800     -33.33300       0.44795   
  1.49560     -29.24900     -34.23900       0.39165   
  1.52660     -29.96000     -35.11600       0.33061   
  1.55770     -30.65100     -35.96500       0.26479   
  1.58910     -31.32000     -36.78300       0.19420   
  1.62070     -31.96900     -37.57100       0.11883   
  1.65260     -32.59500     -38.32800       0.03870   
  1.66940     -32.91600     -38.71400      -0.00532   
  1.68720     -33.24800     -39.11100      -0.05327   
  1.72310     -33.89100     -39.87800      -0.15351   
  1.75930     -34.50600     -40.60500      -0.25951   
  1.79580     -35.09200     -41.29300      -0.37119   
  1.83250     -35.65000     -41.94000      -0.48848   
  1.86950     -36.17800     -42.54800      -0.61127   
  1.90680     -36.67600     -43.11600      -0.73947   
  1.94440     -37.14600     -43.64400      -0.87297   
  1.98220     -37.58500     -44.13300      -1.01160   
  2.02040     -37.99500     -44.58200      -1.15540   
  2.04050     -38.19900     -44.80200      -1.23280   
  2.06160     -38.40300     -45.02100      -1.31530   
  2.10420     -38.78500     -45.42400      -1.48470   
  2.14710     -39.13100     -45.78100      -1.65960   
  2.19030     -39.44200     -46.09200      -1.83980   
  2.23390     -39.71800     -46.35800      -2.02510   
  2.27780     -39.95800     -46.58000      -2.21530   
  2.32200     -40.16500     -46.75900      -2.41010   
  2.36650     -40.33600     -46.89600      -2.60930   
  2.41140     -40.47400     -46.99000      -2.81260   
  2.45650     -40.57900     -47.04500      -3.01980   
  2.48030     -40.62100     -47.05700      -3.12980   
  2.50520     -40.65500     -47.05900      -3.24540   
  2.55520     -40.69400     -47.02800      -3.47950   
  2.60560     -40.69500     -46.95300      -3.71720   
  2.65630     -40.65900     -46.83500      -3.95810   
  2.70740     -40.58700     -46.67500      -4.20200   
  2.75890     -40.48000     -46.47500      -4.44840   
  2.81070     -40.33800     -46.23600      -4.69710   
  2.86290     -40.16200     -45.96100      -4.94750   
  2.91550     -39.95400     -45.64900      -5.19950   
  2.96840     -39.71300     -45.30300      -5.45260   
  2.99590     -39.57600     -45.11100      -5.58430   
  3.01370     -39.48400     -44.98300      -5.66880   
  3.04930     -39.28900     -44.71600      -5.83830   
  3.08510     -39.08100     -44.43500      -6.00790   
  3.12110     -38.86000     -44.14200      -6.17750   
  3.15720     -38.62700     -43.83500      -6.34700   
  3.19350     -38.38100     -43.51700      -6.51630   
  3.22990     -38.12300     -43.18600      -6.68530   
  3.26640     -37.85300     -42.84400      -6.85390   
  3.30310     -37.57200     -42.49000      -7.02190   
  3.34000     -37.28000     -42.12600      -7.18940   
  3.35940     -37.12200     -41.93100      -7.27710   
  3.37790     -36.96800     -41.74200      -7.36040   
  3.41500     -36.65400     -41.35800      -7.52640   
  3.45230     -36.32900     -40.96400      -7.69140   
  3.48970     -35.99500     -40.56100      -7.85540   
  3.52730     -35.65000     -40.14900      -8.01840   
  3.56500     -35.29600     -39.72900      -8.18010   
  3.60280     -34.93200     -39.30000      -8.34060   
  3.64080     -34.56000     -38.86400      -8.49970   
  3.67890     -34.17800     -38.42100      -8.65740   
  3.71710     -33.78900     -37.97100      -8.81350   
  3.77580     -33.17800     -37.27100      -9.04850   
  3.75650     -33.38000     -37.50200      -8.97190   
  3.79500     -32.97400     -37.03800      -9.12470   
  3.83370     -32.56000     -36.56900      -9.27550   
  3.87240     -32.13900     -36.09400      -9.42460   
  3.91130     -31.71000     -35.61300      -9.57160   
  3.95040     -31.27400     -35.12700      -9.71660   
  3.98950     -30.83200     -34.63600      -9.85950   
  4.02880     -30.38300     -34.14100     -10.00000   
  4.06830     -29.92800     -33.64200     -10.13900   
  4.10780     -29.46700     -33.13800     -10.27500   
  4.12860     -29.22200     -32.87200     -10.34500   
  4.14850     -28.98800     -32.61700     -10.41200   
  4.18830     -28.51500     -32.10700     -10.54300   
  4.22820     -28.03700     -31.59200     -10.67100   
  4.26830     -27.55400     -31.07500     -10.79700   
  4.30840     -27.06600     -30.55500     -10.92000   
  4.34870     -26.57300     -30.03200     -11.04100   
  4.38910     -26.07500     -29.50700     -11.15800   
  4.42960     -25.57400     -28.97900     -11.27300   
  4.47030     -25.06800     -28.45000     -11.38500   
  4.51100     -24.55800     -27.91800     -11.49300   
  4.53270     -24.28600     -27.63600     -11.55000   
  4.55290     -24.03100     -27.37200     -11.60200   
  4.59390     -23.51400     -26.83700     -11.70400   
  4.63500     -22.99300     -26.30100     -11.80300   
  4.67630     -22.46900     -25.76400     -11.90000   
  4.71760     -21.94300     -25.22600     -11.99200   
  4.75900     -21.41300     -24.68700     -12.08200   
  4.80060     -20.88000     -24.14700     -12.16800   
  4.84230     -20.34500     -23.60700     -12.25100   
  4.88410     -19.80700     -23.06600     -12.33000   
  4.92590     -19.26700     -22.52400     -12.40600   
  4.96920     -18.70900     -21.96600     -12.48000   
  4.96900     -18.71100     -21.96800     -12.48000   
  5.01110     -18.16700     -21.42700     -12.54900   
  5.05340     -17.62100     -20.88500     -12.61400   
  5.09570     -17.07300     -20.34200     -12.67500   
  5.13810     -16.52400     -19.80000     -12.73300   
  5.18070     -15.97300     -19.25900     -12.78700   
  5.22330     -15.42100     -18.71700     -12.83700   
  5.26610     -14.86700     -18.17500     -12.88400   
  5.30890     -14.31200     -17.63400     -12.92600   
  5.35190     -13.75600     -17.09400     -12.96500   
  5.37470     -13.46200     -16.80800     -12.98500   
  5.39610     -13.18500     -16.53900     -13.00100   
  5.43930     -12.62700     -16.00000     -13.03300   
  5.48250     -12.06900     -15.46000     -13.06000   
  5.52590     -11.50900     -14.92200     -13.08300   
  5.56940     -10.94900     -14.38300     -13.10300   
  5.61300     -10.38900     -13.84600     -13.11800   
  5.65670      -9.82770     -13.30900     -13.13000   
  5.70050      -9.26630     -12.77300     -13.13800   
  5.74440      -8.70450     -12.23700     -13.14100   
  5.78840      -8.14250     -11.70200     -13.14100   
  5.81160      -7.84530     -11.42000     -13.14000   
  5.83370      -7.56420     -11.15300     -13.13700   
  5.87780      -7.00330     -10.62000     -13.12900   
  5.92210      -6.44080     -10.08800     -13.11600   
  5.96650      -5.87830      -9.55530     -13.10000   
  6.01100      -5.31570      -9.02380     -13.08000   
  6.05560      -4.75320      -8.49290     -13.05500   
  6.10030      -4.19070      -7.96260     -13.02700   
  6.14510      -3.62840      -7.43310     -12.99500   
  6.19000      -3.06630      -6.90410     -12.95900   
  6.23500      -2.50430      -6.37570     -12.91800   
  6.25880      -2.20780      -6.09710     -12.89600   
  6.28120      -1.92810      -5.83440     -12.87300   
  6.32640      -1.36670      -5.30720     -12.82500   
  6.37170      -0.80550      -4.78060     -12.77200   
  6.41710      -0.24463      -4.25450     -12.71600   
  6.46260       0.31591      -3.72890     -12.65600   
  6.50820       0.87610      -3.20380     -12.59200   
  6.55390       1.43590      -2.67910     -12.52400   
  6.59970       1.99540      -2.15480     -12.45200   
  6.64560       2.55440      -1.63100     -12.37600   
  6.69160       3.11300      -1.10740     -12.29600   
  6.71580       3.40730      -0.83162     -12.25300   
  6.73880       3.68560      -0.57074     -12.21100   
  6.78500       4.24340      -0.04783     -12.12300   
  6.83130       4.80070       0.47482     -12.03200   
  6.87770       5.35760       0.99725     -11.93600   
  6.92420       5.91410       1.51950     -11.83700   
  6.97080       6.47010       2.04160     -11.73500   
  7.01750       7.02560       2.56350     -11.62800   
  7.06420       7.58070       3.08540     -11.51800   
  7.11110       8.13540       3.60720     -11.40400   
  7.15810       8.68960       4.12890     -11.28700   
  7.18290       8.98110       4.40360     -11.22300   
  7.20640       9.25760       4.66410     -11.16200   
  7.25360       9.81090       5.18600     -11.03700   
  7.30090      10.36400       5.70780     -10.90900   
  7.34830      10.91600       6.22980     -10.77700   
  7.39580      11.46800       6.75190     -10.64100   
  7.44330      12.02000       7.27420     -10.50200   
  7.49100      12.57100       7.79670     -10.35900   
  7.53880      13.12200       8.31930     -10.21300   
  7.58670      13.67200       8.84220     -10.06400   
  7.63470      14.22200       9.36540      -9.91110   
  7.66000      14.51100       9.64050      -9.82950   
  7.68400      14.78600       9.90240      -9.75090   
  7.73220      15.33500      10.42600      -9.59140   
  7.78050      15.88400      10.95000      -9.42850   
  7.82890      16.43200      11.47500      -9.26250   
  7.87740      16.98100      12.00000      -9.09320   
  7.92610      17.52800      12.52500      -8.92080   
  7.97480      18.07600      13.05100      -8.74520   
  8.02360      18.62300      13.57700      -8.56650   
  8.07250      19.17000      14.10300      -8.38480   
  8.12150      19.71600      14.63000      -8.20000   
  8.14730      20.00300      14.90700      -8.10190   
  8.17190      20.27700      15.17100      -8.00740   
  8.22110      20.82300      15.69900      -7.81670   
  8.27050      21.36800      16.22800      -7.62300   
  8.31990      21.91400      16.75700      -7.42640   
  8.36950      22.45900      17.28600      -7.22710   
  8.41910      23.00400      17.81600      -7.02490   
  8.46890      23.54800      18.34700      -6.82000   
  8.51880      24.09300      18.87800      -6.61230   
  8.56870      24.63700      19.40900      -6.40200   
  8.61880      25.18100      19.94100      -6.18900   
  8.64510      25.46600      20.22000      -6.07640   
  8.67030      25.73900      20.48800      -5.96790   
  8.72060      26.28200      21.02100      -5.74970   
  8.77100      26.82500      21.55400      -5.52900   
  8.82150      27.36800      22.08800      -5.30590   
  8.87210      27.91100      22.62300      -5.08030   
  8.92280      28.45300      23.15800      -4.85230   
  8.97370      28.99600      23.69300      -4.62190   
  9.02460      29.53800      24.22900      -4.38930   
  9.07570      30.08000      24.76600      -4.15430   
  9.12680      30.62100      25.30300      -3.91710   
  9.15360      30.90500      25.58400      -3.79210   
  9.17940      31.17700      25.85400      -3.67160   
  9.23080      31.71800      26.39100      -3.43000   
  9.28230      32.25900      26.92900      -3.18620   
  9.33390      32.79900      27.46800      -2.94050   
  9.38560      33.34000      28.00700      -2.69260   
  9.43740      33.88000      28.54600      -2.44280   
  9.48930      34.42000      29.08500      -2.19100   
  9.54140      34.95900      29.62500      -1.93730   
  9.59350      35.49900      30.16500      -1.68160   
  9.64580      36.03800      30.70500      -1.42420   
  9.67320      36.31900      30.98700      -1.28890   
  9.69950      36.59100      31.25900      -1.15820   
  9.75200      37.12900      31.80000      -0.89709   
  9.80460      37.66700      32.34000      -0.63424   
  9.85730      38.20500      32.88100      -0.36969   
  9.91010      38.74300      33.42200      -0.10347   
  9.96310      39.28000      33.96300       0.16438   
 10.01600      39.81700      34.50500       0.43384   
 10.06900      40.35300      35.04600       0.70486   
 10.12300      40.88900      35.58700       0.97742   
 10.17600      41.42500      36.12800       1.25150   
 10.20400      41.70400      36.41000       1.39510   
 10.23100      41.97400      36.68300       1.53410   
 10.28400      42.50900      37.22400       1.81110   
 10.33800      43.04300      37.76500       2.08950   
 10.39200      43.57800      38.30600       2.36930   
 10.44600      44.11100      38.84600       2.65040   
 10.50000      44.64400      39.38700       2.93290   
 10.55400      45.17700      39.92700       3.21660   
 10.60800      45.70900      40.46700       3.50160   
 10.66300      46.24100      41.00700       3.78780   
 10.71700      46.77200      41.54600       4.07530   
 10.74600      47.04800      41.82700       4.22550   
 10.77300      47.31600      42.09900       4.37140   
 10.82800      47.84600      42.63800       4.66120   
 10.88300      48.37600      43.17700       4.95210   
 10.93800      48.90500      43.71500       5.24420   
 10.99300      49.43300      44.25200       5.53730   
 11.04800      49.96100      44.78900       5.83150   
 11.10300      50.48800      45.32600       6.12680   
 11.15900      51.01400      45.86300       6.42310   
 11.21400      51.54000      46.39800       6.72040   
 11.27000      52.06500      46.93400       7.01870   
 11.29900      52.33800      47.21200       7.17420   
 11.32700      52.60400      47.48200       7.32560   
 11.38300      53.12700      48.01700       7.62590   
 11.43900      53.65100      48.55000       7.92710   
 11.49500      54.17300      49.08400       8.22920   
 11.55100      54.69500      49.61600       8.53220   
 11.60700      55.21600      50.14800       8.83620   
 11.66300      55.73700      50.68000       9.14100   
 11.72000      56.25600      51.21100       9.44680   
 11.77700      56.77500      51.74100       9.75340   
 11.83300      57.29400      52.27100      10.06100   
 11.86300      57.56300      52.54600      10.22100   
 11.89100      57.82500      52.81400      10.37700   
 11.94800      58.34100      53.34200      10.68600   
 12.00500      58.85800      53.87000      10.99600   
 12.06300      59.37300      54.39700      11.30700   
 12.12000      59.88800      54.92400      11.61900   
 12.17700      60.40100      55.45000      11.93200   
 12.23400      60.91500      55.97600      12.24500   
 12.29200      61.42700      56.50100      12.55900   
 12.35000      61.93900      57.02500      12.87500   
 12.40700      62.44900      57.54900      13.19000   
 12.43800      62.72100      57.82700      13.35900   
 12.46700      62.97300      58.08600      13.51500   
 12.52500      63.48200      58.60900      13.83300   
 12.58300      63.99100      59.13100      14.15200   
 12.64100      64.49900      59.65300      14.47100   
 12.69900      65.00600      60.17400      14.79100   
 12.75700      65.51300      60.69500      15.11300   
 12.81600      66.01800      61.21500      15.43500   
 12.87400      66.52400      61.73500      15.75800   
 12.93300      67.02800      62.25400      16.08200   
 12.99200      67.53200      62.77400      16.40700   
 13.02300      67.79900      63.04900      16.57900   
 13.05300      68.05000      63.30800      16.74200   
 13.11100      68.55200      63.82700      17.06900   
 13.17100      69.05400      64.34500      17.39700   
 13.23000      69.55500      64.86200      17.72600   
 13.28900      70.05500      65.38000      18.05500   
 13.34800      70.55500      65.89700      18.38600   
 13.40800      71.05400      66.41400      18.71800   
 13.46700      71.55200      66.93100      19.05100   
 13.52700      72.05000      67.44800      19.38500   
 13.58600      72.54700      67.96400      19.72000   
 13.61800      72.80800      68.23500      19.89700   
 13.64800      73.05600      68.49400      20.06500   
 13.70800      73.55200      69.01000      20.40300   
 13.76800      74.04700      69.52600      20.74100   
 13.82800      74.54100      70.04200      21.08100   
 13.88800      75.03500      70.55900      21.42200   
 13.94800      75.52800      71.07500      21.76500   
 14.00800      76.02100      71.59100      22.10900   
 14.06900      76.51300      72.10700      22.45400   
 14.12900      77.00400      72.62300      22.80000   
 14.19000      77.49400      73.14000      23.14800   
 14.22200      77.75100      73.41100      23.33100   
 14.25200      77.99600      73.66900      23.50600   
 14.31300      78.48500      74.18600      23.85700   
 14.37300      78.97300      74.70200      24.20900   
 14.43400      79.46000      75.21900      24.56300   
 14.49500      79.94600      75.73600      24.91800   
 14.55600      80.43200      76.25300      25.27500   
 14.61800      80.91600      76.77000      25.63400   
 14.67900      81.40000      77.28700      25.99400   
 14.74000      81.88200      77.80400      26.35600   
 14.80100      82.36400      78.32100      26.71900   
 14.83400      82.61600      78.59300      26.91100   
 14.86400      82.85600      78.85200      27.09400   
 14.92600      83.33500      79.36900      27.46100   
 14.98800      83.81200      79.88600      27.83000   
 15.04900      84.28800      80.40300      28.20000   
 15.11100      84.76300      80.92000      28.57300   
 15.17300      85.23500      81.43700      28.94800   
 15.23500      85.70600      81.95400      29.32400   
 15.29700      86.17500      82.47000      29.70300   
 15.35900      86.64200      82.98600      30.08300   
 15.42100      87.10700      83.50200      30.46600   
 15.45400      87.35000      83.77200      30.66700   
 15.48500      87.58100      84.03000      30.86000   
 15.54700      88.04100      84.54400      31.24700   
 15.60900      88.49800      85.05800      31.63500   
 15.67200      88.95200      85.57000      32.02600   
 15.73400      89.40200      86.08200      32.41900   
 15.79700      89.85000      86.59300      32.81500   
 15.85900      90.29300      87.10200      33.21200   
 15.92200      90.73300      87.61000      33.61200   
 15.98500      91.16800      88.11600      34.01400   
 16.04800      91.59900      88.62100      34.41800   
 16.08100      91.82400      88.88500      34.63100   
 16.11200      92.03600      89.13600      34.83500   
 16.17500      92.45700      89.63600      35.24400   
 16.23800      92.87200      90.13400      35.65500   
 16.30100      93.28100      90.62900      36.06800   
 16.36400      93.68400      91.12100      36.48400   
 16.42700      94.08000      91.61000      36.90200   
 16.49100      94.46900      92.09600      37.32200   
 16.55400      94.85000      92.57700      37.74500   
 16.61700      95.22300      93.05500      38.17000   
 16.68100      95.58700      93.52800      38.59700   
 16.71400      95.77400      93.77500      38.82300   
 16.74600      95.95000      94.00800      39.03800   
 16.81000      96.29500      94.47100      39.47000   
 16.87300      96.62900      94.92900      39.90400   
 16.93700      96.95200      95.38000      40.34000   
 17.00100      97.26300      95.82600      40.77900   
 17.06500      97.56100      96.26400      41.21900   
 17.12900      97.84600      96.69500      41.66200   
 17.19300      98.11700      97.11800      42.10700   
 17.25700      98.37300      97.53200      42.55400   
 17.32100      98.61300      97.93800      43.00300   
 17.35400      98.73200      98.14700      43.23900   
 17.38600      98.84200      98.34400      43.46500   
 17.45100      99.04700      98.72900      43.91700   
 17.51500      99.23300      99.10400      44.37200   
 17.57900      99.40000      99.46800      44.82800   
 17.64400      99.54500      99.82000      45.28600   
 17.70800      99.66900     100.16000      45.74500   
 17.77300      99.76900     100.48000      46.20600   
 17.83700      99.84500     100.79000      46.66800   
 17.90200      99.89500     101.09000      47.13100   
 17.96700      99.91900     101.37000      47.59600   
 18.00100      99.91900     101.51000      47.84000   
 18.03300      99.91300     101.64000      48.07300   
 18.09800      99.87700     101.88000      48.53900   
 18.16300      99.80900     102.11000      49.00600   
 18.22800      99.70900     102.32000      49.47300   
 18.29300      99.57300     102.50000      49.94100   
 18.35800      99.40100     102.67000      50.40900   
 18.42300      99.19100     102.81000      50.87700   
 18.48800      98.94100     102.93000      51.34500   
 18.55400      98.64900     103.02000      51.81300   
 18.61900      98.31200     103.08000      52.28000   
 18.65300      98.11700     103.11000      52.52500   
 18.68600     -99.99999     103.12000      52.75800   
 18.75200     -99.99999     103.13000      53.22300   
 18.81700     -99.99999     103.11000      53.68700      
 18.88300     -99.99999     103.06000      54.15000   
 18.94900     -99.99999     102.98000      54.61000   
 19.01400     -99.99999     102.86000      55.06900   
 19.08000     -99.99999     102.70000      55.52500   
 19.14600     -99.99999     102.51000      55.97800   
 19.21200     -99.99999     102.28000      56.42900   
 19.27800     -99.99999     102.01000      56.87600   
 19.31300     -99.99999     101.85000      57.10900   
 19.34600     -99.99999     -99.99999      57.33000   
 19.41200     -99.99999     -99.99999      57.76900   
 19.47900     -99.99999     -99.99999      58.20400   
 19.54500     -99.99999     -99.99999      58.63400   
 19.61200     -99.99999     -99.99999      59.05800   
 19.67800     -99.99999     -99.99999      59.47700   
 19.74500     -99.99999     -99.99999      59.88900   
 19.81100     -99.99999     -99.99999      60.29500   
 19.87800     -99.99999     -99.99999      60.69300   
 19.94500     -99.99999     -99.99999      61.08400   
 19.98000     -99.99999     -99.99999      61.28600   
