 5.000e-01  6.550e-01  3.943e-01 -1.473e+02  2.028e+01
 1.000e+00  2.103e+00  3.981e-01 -1.470e+02  2.011e+01
 2.000e+00  5.103e+00  4.058e-01 -1.464e+02  1.976e+01
 3.000e+00  8.103e+00  4.136e-01 -1.457e+02  1.942e+01
 4.000e+00  1.110e+01  4.214e-01 -1.451e+02  1.907e+01
 5.000e+00  1.410e+01  4.292e-01 -1.444e+02  1.873e+01
 6.000e+00  1.710e+01  4.370e-01 -1.438e+02  1.839e+01
 7.000e+00  2.010e+01  4.449e-01 -1.432e+02  1.805e+01
 8.000e+00  2.310e+01  4.527e-01 -1.426e+02  1.772e+01
 9.000e+00  2.610e+01  4.606e-01 -1.419e+02  1.739e+01
 1.000e+01  2.910e+01  4.685e-01 -1.413e+02  1.706e+01
 1.050e+01  3.073e+01  4.728e-01 -1.410e+02  1.688e+01
 1.100e+01  3.273e+01  4.780e-01 -1.406e+02  1.666e+01
 1.200e+01  3.673e+01  4.886e-01 -1.398e+02  1.623e+01
 1.300e+01  4.073e+01  4.992e-01 -1.389e+02  1.580e+01
 1.400e+01  4.473e+01  5.098e-01 -1.381e+02  1.538e+01
 1.500e+01  4.873e+01  5.204e-01 -1.373e+02  1.496e+01
 1.600e+01  5.273e+01  5.311e-01 -1.365e+02  1.455e+01
 1.700e+01  5.673e+01  5.417e-01 -1.357e+02  1.413e+01
 1.800e+01  6.073e+01  5.525e-01 -1.350e+02  1.373e+01
 1.900e+01  6.473e+01  5.632e-01 -1.342e+02  1.332e+01
 2.000e+01  6.873e+01  5.740e-01 -1.334e+02  1.292e+01
 2.050e+01  7.088e+01  5.798e-01 -1.330e+02  1.271e+01
 2.100e+01  7.338e+01  5.865e-01 -1.325e+02  1.246e+01
 2.200e+01  7.838e+01  6.001e-01 -1.315e+02  1.197e+01
 2.300e+01  8.338e+01  6.137e-01 -1.306e+02  1.148e+01
 2.400e+01  8.838e+01  6.273e-01 -1.296e+02  1.100e+01
 2.500e+01  9.338e+01  6.410e-01 -1.287e+02  1.052e+01
 2.600e+01  9.838e+01  6.547e-01 -1.278e+02  1.005e+01
 2.700e+01  1.034e+02  6.685e-01 -1.268e+02  9.586e+00
 2.800e+01  1.084e+02  6.824e-01 -1.259e+02  9.124e+00
 2.900e+01  1.134e+02  6.963e-01 -1.250e+02  8.666e+00
 3.000e+01  1.184e+02  7.102e-01 -1.241e+02  8.213e+00
 3.050e+01  1.210e+02  7.176e-01 -1.236e+02  7.974e+00
 3.100e+01  1.240e+02  7.260e-01 -1.231e+02  7.706e+00
 3.200e+01  1.300e+02  7.429e-01 -1.220e+02  7.174e+00
 3.300e+01  1.360e+02  7.598e-01 -1.209e+02  6.647e+00
 3.400e+01  1.420e+02  7.769e-01 -1.199e+02  6.127e+00
 3.500e+01  1.480e+02  7.940e-01 -1.188e+02  5.612e+00
 3.600e+01  1.540e+02  8.111e-01 -1.178e+02  5.102e+00
 3.700e+01  1.600e+02  8.284e-01 -1.168e+02  4.597e+00
 3.800e+01  1.660e+02  8.457e-01 -1.157e+02  4.098e+00
 3.900e+01  1.720e+02  8.632e-01 -1.147e+02  3.603e+00
 4.000e+01  1.780e+02  8.807e-01 -1.137e+02  3.113e+00
 4.050e+01  1.812e+02  8.900e-01 -1.132e+02  2.855e+00
 4.100e+01  1.847e+02  9.003e-01 -1.126e+02  2.572e+00
 4.200e+01  1.917e+02  9.209e-01 -1.114e+02  2.012e+00
 4.300e+01  1.987e+02  9.417e-01 -1.103e+02  1.458e+00
 4.400e+01  2.057e+02  9.625e-01 -1.091e+02  9.094e-01
 4.500e+01  2.127e+02  9.835e-01 -1.080e+02  3.663e-01
 4.600e+01  2.197e+02  1.005e+00 -1.069e+02 -1.716e-01
 4.700e+01  2.267e+02  1.026e+00 -1.058e+02 -7.045e-01
 4.800e+01  2.337e+02  1.047e+00 -1.046e+02 -1.232e+00
 4.900e+01  2.407e+02  1.069e+00 -1.036e+02 -1.756e+00
 5.000e+01  2.477e+02  1.090e+00 -1.025e+02 -2.274e+00
 5.050e+01  2.514e+02  1.102e+00 -1.019e+02 -2.546e+00
 5.100e+01  2.554e+02  1.114e+00 -1.013e+02 -2.839e+00
 5.200e+01  2.634e+02  1.139e+00 -1.000e+02 -3.421e+00
 5.300e+01  2.714e+02  1.164e+00 -9.883e+01 -3.998e+00
 5.400e+01  2.794e+02  1.190e+00 -9.762e+01 -4.569e+00
 5.500e+01  2.874e+02  1.215e+00 -9.643e+01 -5.136e+00
 5.600e+01  2.954e+02  1.241e+00 -9.524e+01 -5.698e+00
 5.700e+01  3.034e+02  1.267e+00 -9.406e+01 -6.255e+00
 5.800e+01  3.114e+02  1.293e+00 -9.289e+01 -6.807e+00
 5.900e+01  3.194e+02  1.319e+00 -9.173e+01 -7.356e+00
 6.000e+01  3.274e+02  1.345e+00 -9.058e+01 -7.900e+00
 6.050e+01  3.316e+02  1.359e+00 -8.998e+01 -8.185e+00
 6.100e+01  3.361e+02  1.374e+00 -8.933e+01 -8.489e+00
 6.200e+01  3.451e+02  1.404e+00 -8.806e+01 -9.092e+00
 6.300e+01  3.541e+02  1.434e+00 -8.679e+01 -9.690e+00
 6.400e+01  3.631e+02  1.465e+00 -8.554e+01 -1.028e+01
 6.500e+01  3.721e+02  1.496e+00 -8.429e+01 -1.087e+01
 6.600e+01  3.811e+02  1.527e+00 -8.305e+01 -1.146e+01
 6.700e+01  3.901e+02  1.558e+00 -8.183e+01 -1.204e+01
 6.800e+01  3.991e+02  1.589e+00 -8.061e+01 -1.262e+01
 6.900e+01  4.081e+02  1.621e+00 -7.940e+01 -1.319e+01
 7.000e+01  4.171e+02  1.653e+00 -7.820e+01 -1.376e+01
 7.050e+01  4.219e+02  1.669e+00 -7.757e+01 -1.406e+01
 7.100e+01  4.269e+02  1.687e+00 -7.691e+01 -1.438e+01
 7.200e+01  4.369e+02  1.723e+00 -7.560e+01 -1.500e+01
 7.300e+01  4.469e+02  1.759e+00 -7.429e+01 -1.562e+01
 7.400e+01  4.569e+02  1.796e+00 -7.300e+01 -1.624e+01
 7.500e+01  4.669e+02  1.833e+00 -7.172e+01 -1.685e+01
 7.600e+01  4.769e+02  1.870e+00 -7.044e+01 -1.746e+01
 7.700e+01  4.869e+02  1.907e+00 -6.917e+01 -1.807e+01
 7.800e+01  4.969e+02  1.944e+00 -6.792e+01 -1.868e+01
 7.900e+01  5.069e+02  1.982e+00 -6.667e+01 -1.928e+01
 8.000e+01  5.169e+02  2.020e+00 -6.543e+01 -1.987e+01
 8.050e+01  5.221e+02  2.040e+00 -6.478e+01 -2.018e+01
 8.100e+01  5.276e+02  2.062e+00 -6.411e+01 -2.051e+01
 8.200e+01  5.386e+02  2.104e+00 -6.276e+01 -2.116e+01
 8.300e+01  5.496e+02  2.147e+00 -6.143e+01 -2.181e+01
 8.400e+01  5.606e+02  2.190e+00 -6.010e+01 -2.245e+01
 8.500e+01  5.716e+02  2.234e+00 -5.879e+01 -2.309e+01
 8.600e+01  5.826e+02  2.278e+00 -5.748e+01 -2.372e+01
 8.700e+01  5.936e+02  2.322e+00 -5.619e+01 -2.435e+01
 8.800e+01  6.046e+02  2.367e+00 -5.490e+01 -2.498e+01
 8.900e+01  6.156e+02  2.411e+00 -5.362e+01 -2.561e+01
 9.000e+01  6.266e+02  2.457e+00 -5.235e+01 -2.623e+01
 9.050e+01  6.324e+02  2.480e+00 -5.168e+01 -2.655e+01
 9.100e+01  6.384e+02  2.505e+00 -5.100e+01 -2.689e+01
 9.200e+01  6.504e+02  2.555e+00 -4.963e+01 -2.756e+01
 9.300e+01  6.624e+02  2.606e+00 -4.827e+01 -2.823e+01
 9.400e+01  6.744e+02  2.656e+00 -4.692e+01 -2.889e+01
 9.500e+01  6.864e+02  2.707e+00 -4.559e+01 -2.955e+01
 9.600e+01  6.984e+02  2.759e+00 -4.426e+01 -3.021e+01
 9.700e+01  7.104e+02  2.811e+00 -4.294e+01 -3.086e+01
 9.800e+01  7.224e+02  2.863e+00 -4.162e+01 -3.151e+01
 9.900e+01  7.344e+02  2.915e+00 -4.032e+01 -3.215e+01
 1.000e+02  7.464e+02  2.968e+00 -3.903e+01 -3.279e+01
 1.005e+02  7.526e+02  2.996e+00 -3.836e+01 -3.313e+01
 1.010e+02  7.566e+02  3.014e+00 -3.793e+01 -3.334e+01
 1.020e+02  7.646e+02  3.049e+00 -3.708e+01 -3.376e+01
 1.030e+02  7.726e+02  3.085e+00 -3.623e+01 -3.418e+01
 1.040e+02  7.806e+02  3.121e+00 -3.538e+01 -3.460e+01
 1.050e+02  7.886e+02  3.157e+00 -3.454e+01 -3.502e+01
 1.060e+02  7.966e+02  3.193e+00 -3.370e+01 -3.544e+01
 1.070e+02  8.046e+02  3.230e+00 -3.287e+01 -3.586e+01
 1.080e+02  8.126e+02  3.266e+00 -3.203e+01 -3.627e+01
 1.090e+02  8.206e+02  3.303e+00 -3.121e+01 -3.668e+01
 1.100e+02  8.286e+02  3.340e+00 -3.038e+01 -3.709e+01
 1.105e+02  8.328e+02  3.359e+00 -2.995e+01 -3.731e+01
 1.110e+02  8.368e+02  3.378e+00 -2.954e+01 -3.751e+01
 1.120e+02  8.448e+02  3.415e+00 -2.872e+01 -3.792e+01
 1.130e+02  8.528e+02  3.452e+00 -2.791e+01 -3.833e+01
 1.140e+02  8.608e+02  3.490e+00 -2.709e+01 -3.873e+01
 1.150e+02  8.688e+02  3.527e+00 -2.629e+01 -3.914e+01
 1.160e+02  8.768e+02  3.565e+00 -2.548e+01 -3.954e+01
 1.170e+02  8.848e+02  3.603e+00 -2.468e+01 -3.994e+01
 1.180e+02  8.928e+02  3.641e+00 -2.388e+01 -4.034e+01
 1.190e+02  9.008e+02  3.679e+00 -2.309e+01 -4.073e+01
 1.200e+02  9.088e+02  3.717e+00 -2.230e+01 -4.113e+01
 1.205e+02  9.210e+02  3.776e+00 -2.109e+01 -4.173e+01
 1.210e+02  9.170e+02  3.757e+00 -2.149e+01 -4.153e+01
 1.220e+02  9.250e+02  3.795e+00 -2.070e+01 -4.193e+01
 1.230e+02  9.330e+02  3.834e+00 -1.992e+01 -4.232e+01
 1.240e+02  9.410e+02  3.872e+00 -1.914e+01 -4.271e+01
 1.250e+02  9.490e+02  3.911e+00 -1.836e+01 -4.309e+01
 1.260e+02  9.570e+02  3.950e+00 -1.759e+01 -4.348e+01
 1.270e+02  9.650e+02  3.990e+00 -1.682e+01 -4.386e+01
 1.280e+02  9.730e+02  4.029e+00 -1.605e+01 -4.425e+01
 1.290e+02  9.810e+02  4.068e+00 -1.529e+01 -4.463e+01
 1.300e+02  9.890e+02  4.108e+00 -1.453e+01 -4.501e+01
 1.305e+02  9.932e+02  4.129e+00 -1.413e+01 -4.521e+01
 1.310e+02  9.972e+02  4.148e+00 -1.375e+01 -4.540e+01
 1.320e+02  1.005e+03  4.188e+00 -1.300e+01 -4.578e+01
 1.330e+02  1.013e+03  4.228e+00 -1.224e+01 -4.615e+01
 1.340e+02  1.021e+03  4.268e+00 -1.149e+01 -4.653e+01
 1.350e+02  1.029e+03  4.308e+00 -1.075e+01 -4.690e+01
 1.360e+02  1.037e+03  4.349e+00 -1.000e+01 -4.727e+01
 1.370e+02  1.045e+03  4.389e+00 -9.262e+00 -4.764e+01
 1.380e+02  1.053e+03  4.430e+00 -8.524e+00 -4.801e+01
 1.390e+02  1.061e+03  4.470e+00 -7.788e+00 -4.838e+01
 1.400e+02  1.069e+03  4.511e+00 -7.055e+00 -4.875e+01
 1.405e+02  1.073e+03  4.533e+00 -6.668e+00 -4.894e+01
 1.410e+02  1.077e+03  4.553e+00 -6.307e+00 -4.912e+01
 1.420e+02  1.085e+03  4.594e+00 -5.579e+00 -4.948e+01
 1.430e+02  1.093e+03  4.635e+00 -4.854e+00 -4.985e+01
 1.440e+02  1.101e+03  4.676e+00 -4.132e+00 -5.021e+01
 1.450e+02  1.109e+03  4.718e+00 -3.413e+00 -5.057e+01
 1.460e+02  1.117e+03  4.759e+00 -2.696e+00 -5.093e+01
 1.470e+02  1.125e+03  4.801e+00 -1.982e+00 -5.128e+01
 1.480e+02  1.133e+03  4.842e+00 -1.270e+00 -5.164e+01
 1.490e+02  1.141e+03  4.884e+00 -5.608e-01 -5.199e+01
 1.500e+02  1.149e+03  4.926e+00  1.458e-01 -5.235e+01
 1.505e+02  1.158e+03  4.969e+00  8.711e-01 -5.271e+01
 1.510e+02  1.158e+03  4.969e+00  8.680e-01 -5.271e+01
 1.520e+02  1.166e+03  5.011e+00  1.570e+00 -5.306e+01
 1.530e+02  1.174e+03  5.053e+00  2.269e+00 -5.341e+01
 1.540e+02  1.182e+03  5.096e+00  2.965e+00 -5.375e+01
 1.550e+02  1.190e+03  5.138e+00  3.660e+00 -5.410e+01
 1.560e+02  1.198e+03  5.181e+00  4.352e+00 -5.445e+01
 1.570e+02  1.206e+03  5.223e+00  5.041e+00 -5.479e+01
 1.580e+02  1.214e+03  5.266e+00  5.728e+00 -5.514e+01
 1.590e+02  1.222e+03  5.309e+00  6.413e+00 -5.548e+01
 1.600e+02  1.230e+03  5.352e+00  7.096e+00 -5.582e+01
 1.605e+02  1.234e+03  5.375e+00  7.456e+00 -5.600e+01
 1.610e+02  1.238e+03  5.396e+00  7.793e+00 -5.617e+01
 1.620e+02  1.246e+03  5.439e+00  8.471e+00 -5.651e+01
 1.630e+02  1.254e+03  5.483e+00  9.147e+00 -5.684e+01
 1.640e+02  1.262e+03  5.526e+00  9.820e+00 -5.718e+01
 1.650e+02  1.270e+03  5.569e+00  1.049e+01 -5.752e+01
 1.660e+02  1.278e+03  5.613e+00  1.116e+01 -5.785e+01
 1.670e+02  1.286e+03  5.657e+00  1.183e+01 -5.818e+01
 1.680e+02  1.294e+03  5.700e+00  1.249e+01 -5.852e+01
 1.690e+02  1.302e+03  5.744e+00  1.315e+01 -5.885e+01
 1.700e+02  1.310e+03  5.788e+00  1.381e+01 -5.918e+01
 1.705e+02  1.314e+03  5.812e+00  1.416e+01 -5.935e+01
 1.710e+02  1.318e+03  5.834e+00  1.449e+01 -5.952e+01
 1.720e+02  1.326e+03  5.878e+00  1.515e+01 -5.985e+01
 1.730e+02  1.334e+03  5.922e+00  1.580e+01 -6.017e+01
 1.740e+02  1.342e+03  5.966e+00  1.645e+01 -6.050e+01
 1.750e+02  1.350e+03  6.011e+00  1.710e+01 -6.082e+01
 1.760e+02  1.358e+03  6.056e+00  1.775e+01 -6.115e+01
 1.770e+02  1.366e+03  6.100e+00  1.840e+01 -6.147e+01
 1.780e+02  1.374e+03  6.145e+00  1.904e+01 -6.180e+01
 1.790e+02  1.382e+03  6.190e+00  1.968e+01 -6.212e+01
 1.800e+02  1.390e+03  6.235e+00  2.032e+01 -6.244e+01
 1.805e+02  1.394e+03  6.259e+00  2.066e+01 -6.261e+01
 1.810e+02  1.398e+03  6.281e+00  2.098e+01 -6.277e+01
 1.820e+02  1.406e+03  6.326e+00  2.161e+01 -6.309e+01
 1.830e+02  1.414e+03  6.372e+00  2.225e+01 -6.341e+01
 1.840e+02  1.422e+03  6.417e+00  2.288e+01 -6.372e+01
 1.850e+02  1.430e+03  6.463e+00  2.351e+01 -6.404e+01
 1.860e+02  1.438e+03  6.508e+00  2.414e+01 -6.436e+01
 1.870e+02  1.446e+03  6.554e+00  2.477e+01 -6.467e+01
 1.880e+02  1.454e+03  6.600e+00  2.539e+01 -6.499e+01
 1.890e+02  1.462e+03  6.646e+00  2.601e+01 -6.530e+01
 1.900e+02  1.470e+03  6.692e+00  2.664e+01 -6.561e+01
 1.905e+02  1.474e+03  6.716e+00  2.696e+01 -6.578e+01
 1.910e+02  1.478e+03  6.739e+00  2.727e+01 -6.593e+01
 1.920e+02  1.486e+03  6.785e+00  2.789e+01 -6.624e+01
 1.930e+02  1.494e+03  6.831e+00  2.851e+01 -6.655e+01
 1.940e+02  1.502e+03  6.878e+00  2.912e+01 -6.686e+01
 1.950e+02  1.510e+03  6.924e+00  2.973e+01 -6.717e+01
 1.960e+02  1.518e+03  6.971e+00  3.035e+01 -6.748e+01
 1.970e+02  1.526e+03  7.017e+00  3.096e+01 -6.779e+01
 1.980e+02  1.534e+03  7.064e+00  3.156e+01 -6.810e+01
 1.990e+02  1.542e+03  7.111e+00  3.217e+01 -6.840e+01
 2.000e+02  1.550e+03  7.158e+00  3.278e+01 -6.871e+01
 2.005e+02  1.555e+03  7.183e+00  3.309e+01 -6.887e+01
 2.010e+02  1.559e+03  7.206e+00  3.339e+01 -6.902e+01
 2.020e+02  1.567e+03  7.254e+00  3.400e+01 -6.933e+01
 2.030e+02  1.575e+03  7.301e+00  3.460e+01 -6.963e+01
 2.040e+02  1.583e+03  7.348e+00  3.520e+01 -6.993e+01
 2.050e+02  1.591e+03  7.396e+00  3.579e+01 -7.024e+01
 2.060e+02  1.599e+03  7.443e+00  3.639e+01 -7.054e+01
 2.070e+02  1.607e+03  7.491e+00  3.698e+01 -7.084e+01
 2.080e+02  1.615e+03  7.539e+00  3.758e+01 -7.114e+01
 2.090e+02  1.623e+03  7.587e+00  3.817e+01 -7.144e+01
 2.100e+02  1.631e+03  7.635e+00  3.876e+01 -7.174e+01
 2.105e+02  1.635e+03  7.660e+00  3.907e+01 -7.190e+01
 2.110e+02  1.639e+03  7.684e+00  3.936e+01 -7.205e+01
 2.120e+02  1.647e+03  7.732e+00  3.995e+01 -7.235e+01
 2.130e+02  1.655e+03  7.781e+00  4.054e+01 -7.264e+01
 2.140e+02  1.663e+03  7.829e+00  4.112e+01 -7.294e+01
 2.150e+02  1.671e+03  7.877e+00  4.170e+01 -7.324e+01
 2.160e+02  1.679e+03  7.926e+00  4.229e+01 -7.354e+01
 2.170e+02  1.687e+03  7.975e+00  4.287e+01 -7.383e+01
 2.180e+02  1.695e+03  8.024e+00  4.345e+01 -7.413e+01
 2.190e+02  1.703e+03  8.072e+00  4.402e+01 -7.442e+01
 2.200e+02  1.711e+03  8.122e+00  4.460e+01 -7.472e+01
 2.205e+02  1.715e+03  8.147e+00  4.490e+01 -7.487e+01
 2.210e+02  1.719e+03  8.172e+00  4.519e+01 -7.502e+01
 2.220e+02  1.727e+03  8.221e+00  4.577e+01 -7.531e+01
 2.230e+02  1.735e+03  8.270e+00  4.634e+01 -7.560e+01
 2.240e+02  1.743e+03  8.320e+00  4.691e+01 -7.589e+01
 2.250e+02  1.751e+03  8.369e+00  4.748e+01 -7.619e+01
 2.260e+02  1.759e+03  8.419e+00  4.805e+01 -7.648e+01
 2.270e+02  1.767e+03  8.469e+00  4.862e+01 -7.677e+01
 2.280e+02  1.775e+03  8.519e+00  4.919e+01 -7.706e+01
 2.290e+02  1.783e+03  8.569e+00  4.975e+01 -7.735e+01
 2.300e+02  1.791e+03  8.619e+00  5.032e+01 -7.764e+01
 2.305e+02  1.795e+03  8.645e+00  5.061e+01 -7.779e+01
 2.310e+02  1.799e+03  8.670e+00  5.089e+01 -7.793e+01
 2.320e+02  1.807e+03  8.721e+00  5.146e+01 -7.822e+01
 2.330e+02  1.815e+03  8.771e+00  5.202e+01 -7.851e+01
 2.340e+02  1.823e+03  8.821e+00  5.258e+01 -7.880e+01
 2.350e+02  1.831e+03  8.872e+00  5.314e+01 -7.908e+01
 2.360e+02  1.839e+03  8.923e+00  5.370e+01 -7.937e+01
 2.370e+02  1.847e+03  8.974e+00  5.425e+01 -7.966e+01
 2.380e+02  1.855e+03  9.025e+00  5.481e+01 -7.994e+01
 2.390e+02  1.863e+03  9.076e+00  5.536e+01 -8.023e+01
 2.400e+02  1.871e+03  9.127e+00  5.592e+01 -8.051e+01
 2.405e+02  1.875e+03  9.154e+00  5.621e+01 -8.066e+01
 2.410e+02  1.879e+03  9.179e+00  5.649e+01 -8.080e+01
 2.420e+02  1.887e+03  9.231e+00  5.704e+01 -8.109e+01
 2.430e+02  1.895e+03  9.282e+00  5.759e+01 -8.137e+01
 2.440e+02  1.903e+03  9.334e+00  5.814e+01 -8.165e+01
 2.450e+02  1.911e+03  9.386e+00  5.869e+01 -8.193e+01
 2.460e+02  1.919e+03  9.437e+00  5.923e+01 -8.222e+01
 2.470e+02  1.927e+03  9.489e+00  5.978e+01 -8.250e+01
 2.480e+02  1.935e+03  9.541e+00  6.033e+01 -8.278e+01
 2.490e+02  1.943e+03  9.594e+00  6.087e+01 -8.306e+01
 2.500e+02  1.951e+03  9.646e+00  6.142e+01 -8.334e+01
 2.505e+02  1.956e+03  9.673e+00  6.170e+01 -8.349e+01
 2.510e+02  1.960e+03  9.700e+00  6.197e+01 -8.363e+01
 2.520e+02  1.968e+03  9.752e+00  6.251e+01 -8.391e+01
 2.530e+02  1.976e+03  9.805e+00  6.306e+01 -8.418e+01
 2.540e+02  1.984e+03  9.857e+00  6.360e+01 -8.446e+01
 2.550e+02  1.992e+03  9.910e+00  6.414e+01 -8.474e+01
 2.560e+02  2.000e+03  9.963e+00  6.467e+01 -8.502e+01
 2.570e+02  2.008e+03  1.002e+01  6.521e+01 -8.530e+01
 2.580e+02  2.016e+03  1.007e+01  6.575e+01 -8.557e+01
 2.590e+02  2.024e+03  1.012e+01  6.628e+01 -8.585e+01
 2.600e+02  2.032e+03  1.018e+01  6.682e+01 -8.612e+01
 2.605e+02  2.036e+03  1.020e+01  6.710e+01 -8.627e+01
 2.610e+02  2.040e+03  1.023e+01  6.737e+01 -8.641e+01
 2.620e+02  2.048e+03  1.028e+01  6.790e+01 -8.668e+01
 2.630e+02  2.056e+03  1.034e+01  6.843e+01 -8.696e+01
 2.640e+02  2.064e+03  1.039e+01  6.896e+01 -8.723e+01
 2.650e+02  2.072e+03  1.045e+01  6.949e+01 -8.750e+01
 2.660e+02  2.080e+03  1.050e+01  7.002e+01 -8.778e+01
 2.670e+02  2.088e+03  1.055e+01  7.055e+01 -8.805e+01
 2.680e+02  2.096e+03  1.061e+01  7.108e+01 -8.832e+01
 2.690e+02  2.104e+03  1.066e+01  7.161e+01 -8.859e+01
 2.700e+02  2.112e+03  1.072e+01  7.213e+01 -8.887e+01
 2.705e+02  2.116e+03  1.075e+01  7.241e+01 -8.901e+01
 2.710e+02  2.120e+03  1.077e+01  7.267e+01 -8.914e+01
 2.720e+02  2.128e+03  1.083e+01  7.320e+01 -8.941e+01
 2.730e+02  2.136e+03  1.088e+01  7.372e+01 -8.968e+01
 2.740e+02  2.144e+03  1.094e+01  7.424e+01 -8.995e+01
 2.750e+02  2.152e+03  1.099e+01  7.477e+01 -9.022e+01
 2.760e+02  2.160e+03  1.105e+01  7.529e+01 -9.049e+01
 2.770e+02  2.168e+03  1.110e+01  7.581e+01 -9.076e+01
 2.780e+02  2.176e+03  1.116e+01  7.633e+01 -9.103e+01
 2.790e+02  2.184e+03  1.121e+01  7.685e+01 -9.130e+01
 2.800e+02  2.192e+03  1.127e+01  7.737e+01 -9.157e+01
 2.805e+02  2.196e+03  1.130e+01  7.764e+01 -9.170e+01
 2.810e+02  2.200e+03  1.133e+01  7.790e+01 -9.184e+01
 2.820e+02  2.208e+03  1.138e+01  7.841e+01 -9.211e+01
 2.830e+02  2.216e+03  1.144e+01  7.893e+01 -9.237e+01
 2.840e+02  2.224e+03  1.149e+01  7.945e+01 -9.264e+01
 2.850e+02  2.232e+03  1.155e+01  7.996e+01 -9.290e+01
 2.860e+02  2.240e+03  1.161e+01  8.047e+01 -9.317e+01
 2.870e+02  2.248e+03  1.166e+01  8.099e+01 -9.343e+01
 2.880e+02  2.256e+03  1.172e+01  8.150e+01 -9.370e+01
 2.890e+02  2.264e+03  1.178e+01  8.201e+01 -9.396e+01
 2.900e+02  2.272e+03  1.183e+01  8.252e+01 -9.423e+01
 2.905e+02  2.276e+03  1.186e+01  8.279e+01 -9.436e+01
 2.910e+02  2.281e+03  1.189e+01  8.304e+01 -9.450e+01
 2.920e+02  2.289e+03  1.195e+01  8.355e+01 -9.476e+01
 2.930e+02  2.297e+03  1.201e+01  8.406e+01 -9.502e+01
 2.940e+02  2.305e+03  1.206e+01  8.457e+01 -9.529e+01
 2.950e+02  2.313e+03  1.212e+01  8.508e+01 -9.555e+01
 2.960e+02  2.321e+03  1.218e+01  8.558e+01 -9.581e+01
 2.970e+02  2.329e+03  1.223e+01  8.609e+01 -9.607e+01
 2.980e+02  2.337e+03  1.229e+01  8.659e+01 -9.633e+01
 2.990e+02  2.345e+03  1.235e+01  8.709e+01 -9.659e+01
 3.000e+02  2.353e+03  1.241e+01  8.760e+01 -9.685e+01
 3.005e+02  2.357e+03  1.244e+01  8.786e+01 -9.699e+01
 3.010e+02  2.361e+03  1.247e+01  8.811e+01 -9.712e+01
 3.020e+02  2.369e+03  1.252e+01  8.861e+01 -9.738e+01
 3.030e+02  2.377e+03  1.258e+01  8.912e+01 -9.764e+01
 3.040e+02  2.385e+03  1.264e+01  8.962e+01 -9.790e+01
 3.050e+02  2.393e+03  1.270e+01  9.012e+01 -9.816e+01
 3.060e+02  2.401e+03  1.276e+01  9.061e+01 -9.842e+01
 3.070e+02  2.409e+03  1.282e+01  9.111e+01 -9.867e+01
 3.080e+02  2.417e+03  1.287e+01  9.161e+01 -9.893e+01
 3.090e+02  2.425e+03  1.293e+01  9.211e+01 -9.919e+01
 3.100e+02  2.433e+03  1.299e+01  9.260e+01 -9.945e+01
 3.105e+02  2.437e+03  1.302e+01  9.286e+01 -9.958e+01
 3.110e+02  2.441e+03  1.305e+01  9.311e+01 -9.971e+01
 3.120e+02  2.449e+03  1.311e+01  9.361e+01 -9.997e+01
 3.130e+02  2.457e+03  1.317e+01  9.410e+01 -1.002e+02
 3.140e+02  2.465e+03  1.323e+01  9.459e+01 -1.005e+02
 3.150e+02  2.473e+03  1.329e+01  9.508e+01 -1.007e+02
 3.160e+02  2.481e+03  1.335e+01  9.558e+01 -1.010e+02
 3.170e+02  2.489e+03  1.341e+01  9.607e+01 -1.013e+02
 3.180e+02  2.497e+03  1.347e+01  9.656e+01 -1.015e+02
 3.190e+02  2.505e+03  1.353e+01  9.704e+01 -1.018e+02
 3.200e+02  2.513e+03  1.359e+01  9.753e+01 -1.020e+02
 3.205e+02  2.517e+03  1.362e+01  9.779e+01 -1.022e+02
 3.210e+02  2.521e+03  1.365e+01  9.803e+01 -1.023e+02
 3.220e+02  2.529e+03  1.371e+01  9.852e+01 -1.025e+02
 3.230e+02  2.537e+03  1.377e+01  9.901e+01 -1.028e+02
 3.240e+02  2.545e+03  1.383e+01  9.949e+01 -1.030e+02
 3.250e+02  2.553e+03  1.389e+01  9.998e+01 -1.033e+02
 3.260e+02  2.561e+03  1.395e+01  1.005e+02 -1.036e+02
 3.270e+02  2.569e+03  1.401e+01  1.009e+02 -1.038e+02
 3.280e+02  2.577e+03  1.407e+01  1.014e+02 -1.041e+02
 3.290e+02  2.585e+03  1.413e+01  1.019e+02 -1.043e+02
 3.300e+02  2.593e+03  1.419e+01  1.024e+02 -1.046e+02
 3.305e+02  2.597e+03  1.422e+01  1.026e+02 -1.047e+02
 3.310e+02  2.601e+03  1.425e+01  1.029e+02 -1.048e+02
 3.320e+02  2.609e+03  1.431e+01  1.034e+02 -1.051e+02
 3.330e+02  2.617e+03  1.437e+01  1.038e+02 -1.053e+02
 3.340e+02  2.625e+03  1.443e+01  1.043e+02 -1.056e+02
 3.350e+02  2.633e+03  1.450e+01  1.048e+02 -1.058e+02
 3.360e+02  2.641e+03  1.456e+01  1.053e+02 -1.061e+02
 3.370e+02  2.649e+03  1.462e+01  1.057e+02 -1.063e+02
 3.380e+02  2.657e+03  1.468e+01  1.062e+02 -1.066e+02
 3.390e+02  2.665e+03  1.474e+01  1.067e+02 -1.069e+02
 3.400e+02  2.673e+03  1.480e+01  1.072e+02 -1.071e+02
 3.405e+02  2.678e+03  1.483e+01  1.074e+02 -1.072e+02
 3.410e+02  2.682e+03  1.486e+01  1.077e+02 -1.074e+02
 3.420e+02  2.690e+03  1.493e+01  1.081e+02 -1.076e+02
 3.430e+02  2.698e+03  1.499e+01  1.086e+02 -1.079e+02
 3.440e+02  2.706e+03  1.505e+01  1.091e+02 -1.081e+02
 3.450e+02  2.714e+03  1.511e+01  1.095e+02 -1.084e+02
 3.460e+02  2.722e+03  1.517e+01  1.100e+02 -1.086e+02
 3.470e+02  2.730e+03  1.523e+01  1.105e+02 -1.089e+02
 3.480e+02  2.738e+03  1.530e+01  1.110e+02 -1.091e+02
 3.490e+02  2.746e+03  1.536e+01  1.114e+02 -1.094e+02
 3.500e+02  2.754e+03  1.542e+01  1.119e+02 -1.096e+02
 3.505e+02  2.758e+03  1.545e+01  1.121e+02 -1.098e+02
 3.510e+02  2.762e+03  1.548e+01  1.124e+02 -1.099e+02
 3.520e+02  2.770e+03  1.555e+01  1.128e+02 -1.101e+02
 3.530e+02  2.778e+03  1.561e+01  1.133e+02 -1.104e+02
 3.540e+02  2.786e+03  1.567e+01  1.138e+02 -1.106e+02
 3.550e+02  2.794e+03  1.573e+01  1.142e+02 -1.109e+02
 3.560e+02  2.802e+03  1.580e+01  1.147e+02 -1.111e+02
 3.570e+02  2.810e+03  1.586e+01  1.151e+02 -1.114e+02
 3.580e+02  2.818e+03  1.592e+01  1.156e+02 -1.116e+02
 3.590e+02  2.826e+03  1.598e+01  1.161e+02 -1.119e+02
 3.600e+02  2.834e+03  1.605e+01  1.165e+02 -1.121e+02
 3.605e+02  2.838e+03  1.608e+01  1.168e+02 -1.123e+02
 3.610e+02  2.842e+03  1.611e+01  1.170e+02 -1.124e+02
 3.620e+02  2.850e+03  1.618e+01  1.175e+02 -1.127e+02
 3.630e+02  2.858e+03  1.624e+01  1.179e+02 -1.129e+02
 3.640e+02  2.866e+03  1.630e+01  1.184e+02 -1.132e+02
 3.650e+02  2.874e+03  1.636e+01  1.188e+02 -1.134e+02
 3.660e+02  2.882e+03  1.643e+01  1.193e+02 -1.137e+02
 3.670e+02  2.890e+03  1.649e+01  1.197e+02 -1.139e+02
 3.680e+02  2.898e+03  1.655e+01  1.202e+02 -1.142e+02
 3.690e+02  2.906e+03  1.662e+01  1.206e+02 -1.144e+02
 3.700e+02  2.914e+03  1.668e+01  1.211e+02 -1.147e+02
 3.705e+02  2.918e+03  1.671e+01  1.213e+02 -1.148e+02
 3.710e+02  2.922e+03  1.675e+01  1.216e+02 -1.149e+02
 3.720e+02  2.930e+03  1.681e+01  1.220e+02 -1.152e+02
 3.730e+02  2.938e+03  1.687e+01  1.225e+02 -1.154e+02
 3.740e+02  2.946e+03  1.694e+01  1.229e+02 -1.157e+02
 3.750e+02  2.954e+03  1.700e+01  1.234e+02 -1.159e+02
 3.760e+02  2.962e+03  1.706e+01  1.238e+02 -1.162e+02
 3.770e+02  2.970e+03  1.713e+01  1.243e+02 -1.164e+02
 3.780e+02  2.978e+03  1.719e+01  1.247e+02 -1.167e+02
 3.790e+02  2.986e+03  1.726e+01  1.252e+02 -1.169e+02
 3.800e+02  2.994e+03  1.732e+01  1.256e+02 -1.172e+02
 3.805e+02  2.998e+03  1.735e+01  1.258e+02 -1.173e+02
 3.810e+02  3.002e+03  1.739e+01  1.261e+02 -1.174e+02
 3.820e+02  3.010e+03  1.745e+01  1.265e+02 -1.177e+02
 3.830e+02  3.018e+03  1.751e+01  1.269e+02 -1.179e+02
 3.840e+02  3.026e+03  1.758e+01  1.274e+02 -1.182e+02
 3.850e+02  3.034e+03  1.764e+01  1.278e+02 -1.184e+02
 3.860e+02  3.042e+03  1.771e+01  1.283e+02 -1.187e+02
 3.870e+02  3.050e+03  1.777e+01  1.287e+02 -1.189e+02
 3.880e+02  3.058e+03  1.784e+01  1.292e+02 -1.192e+02
 3.890e+02  3.066e+03  1.790e+01  1.296e+02 -1.194e+02
 3.900e+02  3.074e+03  1.797e+01  1.300e+02 -1.197e+02
 3.905e+02  3.079e+03  1.800e+01  1.303e+02 -1.198e+02
 3.910e+02  3.083e+03  1.803e+01  1.305e+02 -1.199e+02
 3.920e+02  3.091e+03  1.810e+01  1.309e+02 -1.202e+02
 3.930e+02  3.099e+03  1.816e+01  1.314e+02 -1.204e+02
 3.940e+02  3.107e+03  1.823e+01  1.318e+02 -1.207e+02
 3.950e+02  3.115e+03  1.829e+01  1.322e+02 -1.209e+02
 3.960e+02  3.123e+03  1.836e+01  1.327e+02 -1.212e+02
 3.970e+02  3.131e+03  1.842e+01  1.331e+02 -1.214e+02
 3.980e+02  3.139e+03  1.849e+01  1.335e+02 -1.217e+02
 3.990e+02  3.147e+03  1.855e+01  1.340e+02 -1.219e+02
 4.000e+02  3.155e+03  1.862e+01  1.344e+02 -1.222e+02
 4.005e+02  3.159e+03  1.865e+01  1.346e+02 -1.223e+02
 4.010e+02  3.163e+03  1.869e+01  1.349e+02 -1.224e+02
 4.020e+02  3.171e+03  1.875e+01  1.353e+02 -1.227e+02
 4.030e+02  3.179e+03  1.882e+01  1.357e+02 -1.229e+02
 4.040e+02  3.187e+03  1.888e+01  1.362e+02 -1.232e+02
 4.050e+02  3.195e+03  1.895e+01  1.366e+02 -1.234e+02
 4.060e+02  3.203e+03  1.901e+01  1.370e+02 -1.236e+02
 4.070e+02  3.211e+03  1.908e+01  1.374e+02 -1.239e+02
 4.080e+02  3.219e+03  1.915e+01  1.379e+02 -1.241e+02
 4.090e+02  3.227e+03  1.921e+01  1.383e+02 -1.244e+02
 4.100e+02  3.235e+03  1.928e+01  1.387e+02 -1.246e+02
 4.105e+02  3.239e+03  1.931e+01  1.390e+02 -1.248e+02
 4.110e+02  3.243e+03  1.935e+01  1.392e+02 -1.249e+02
 4.120e+02  3.251e+03  1.941e+01  1.396e+02 -1.251e+02
 4.130e+02  3.259e+03  1.948e+01  1.400e+02 -1.254e+02
 4.140e+02  3.267e+03  1.955e+01  1.405e+02 -1.256e+02
 4.150e+02  3.275e+03  1.961e+01  1.409e+02 -1.259e+02
 4.160e+02  3.283e+03  1.968e+01  1.413e+02 -1.261e+02
 4.170e+02  3.291e+03  1.974e+01  1.417e+02 -1.264e+02
 4.180e+02  3.299e+03  1.981e+01  1.422e+02 -1.266e+02
 4.190e+02  3.307e+03  1.988e+01  1.426e+02 -1.269e+02
 4.200e+02  3.315e+03  1.995e+01  1.430e+02 -1.271e+02
 4.205e+02  3.319e+03  1.998e+01  1.432e+02 -1.272e+02
 4.210e+02  3.323e+03  2.001e+01  1.434e+02 -1.274e+02
 4.220e+02  3.331e+03  2.008e+01  1.439e+02 -1.276e+02
 4.230e+02  3.339e+03  2.015e+01  1.443e+02 -1.279e+02
 4.240e+02  3.347e+03  2.022e+01  1.447e+02 -1.281e+02
 4.250e+02  3.355e+03  2.028e+01  1.451e+02 -1.284e+02
 4.260e+02  3.363e+03  2.035e+01  1.456e+02 -1.286e+02
 4.270e+02  3.371e+03  2.042e+01  1.460e+02 -1.289e+02
 4.280e+02  3.379e+03  2.048e+01  1.464e+02 -1.291e+02
 4.290e+02  3.387e+03  2.055e+01  1.468e+02 -1.294e+02
 4.300e+02  3.395e+03  2.062e+01  1.472e+02 -1.296e+02
 4.305e+02  3.399e+03  2.066e+01  1.475e+02 -1.297e+02
 4.310e+02  3.403e+03  2.069e+01  1.477e+02 -1.299e+02
 4.320e+02  3.411e+03  2.076e+01  1.481e+02 -1.301e+02
 4.330e+02  3.419e+03  2.083e+01  1.485e+02 -1.304e+02
 4.340e+02  3.427e+03  2.089e+01  1.489e+02 -1.306e+02
 4.350e+02  3.435e+03  2.096e+01  1.494e+02 -1.309e+02
 4.360e+02  3.443e+03  2.103e+01  1.498e+02 -1.312e+02
 4.370e+02  3.451e+03  2.110e+01  1.502e+02 -1.314e+02
 4.380e+02  3.459e+03  2.117e+01  1.506e+02 -1.317e+02
 4.390e+02  3.467e+03  2.124e+01  1.510e+02 -1.319e+02
 4.400e+02  3.475e+03  2.130e+01  1.515e+02 -1.322e+02
 4.405e+02  3.480e+03  2.134e+01  1.517e+02 -1.323e+02
 4.410e+02  3.484e+03  2.138e+01  1.519e+02 -1.325e+02
