 3.981e-01  1.472e+03  2.240e+03  3.008e+03  4.352e+03 -2.253e+04
 4.058e-01  9.280e+02  1.152e+03  1.600e+03  2.176e+03 -3.174e+04
 4.136e-01  4.000e+02  2.560e+02  5.920e+02  6.560e+02  2.458e+04
 4.214e-01  3.680e+02  2.120e+02  5.440e+02  5.920e+02  2.560e+04
 4.292e-01  4.160e+02  2.880e+02  4.480e+02  4.640e+02  1.101e+04
 4.370e-01  4.320e+02  2.720e+02  1.600e+02  1.200e+02  1.088e+03
 4.449e-01  3.520e+02  2.240e+02  1.560e+02  1.160e+02  8.640e+02
 4.527e-01  3.200e+02  2.080e+02  1.560e+02  1.120e+02  8.000e+02
 4.606e-01  3.360e+02  2.160e+02  1.440e+02  1.040e+02  8.320e+02
 4.685e-01  3.200e+02  2.000e+02  1.480e+02  1.040e+02  7.520e+02
 4.780e-01  3.040e+02  2.000e+02  1.440e+02  1.000e+02  6.880e+02
 4.886e-01  3.040e+02  1.920e+02  1.320e+02  1.040e+02  6.720e+02
 4.992e-01  2.560e+02  1.640e+02  1.320e+02  1.000e+02  4.640e+02
 5.098e-01  2.440e+02  1.640e+02  1.400e+02  1.000e+02  4.000e+02
 5.204e-01  2.480e+02  1.600e+02  1.440e+02  1.000e+02  4.160e+02
 5.311e-01  2.880e+02  1.800e+02  1.480e+02  1.040e+02  5.920e+02
 5.417e-01  2.560e+02  1.640e+02  1.400e+02  1.000e+02  4.480e+02
 5.525e-01  2.720e+02  1.680e+02  1.440e+02  1.040e+02  4.800e+02
 5.632e-01  3.200e+02  1.840e+02  1.520e+02  1.120e+02  6.240e+02
 5.740e-01  3.040e+02  1.840e+02  1.520e+02  1.160e+02  4.960e+02
 5.865e-01  3.040e+02  1.880e+02  1.520e+02  1.080e+02  4.640e+02
 6.001e-01  2.880e+02  1.960e+02  1.560e+02  1.120e+02  3.680e+02
 6.137e-01  2.720e+02  2.080e+02  1.560e+02  1.160e+02  2.880e+02
 6.273e-01  2.720e+02  2.160e+02  1.640e+02  1.160e+02  2.560e+02
 6.410e-01  3.040e+02  2.320e+02  1.640e+02  1.200e+02  2.880e+02
 6.547e-01  3.040e+02  2.360e+02  1.720e+02  1.120e+02  2.720e+02
 6.685e-01  3.200e+02  2.560e+02  1.720e+02  1.240e+02  2.560e+02
 6.824e-01  3.360e+02  2.560e+02  1.760e+02  1.280e+02  2.720e+02
 6.963e-01  3.360e+02  2.560e+02  1.800e+02  1.320e+02  2.560e+02
 7.102e-01  3.520e+02  2.560e+02  1.760e+02  1.240e+02  2.560e+02
 7.260e-01  3.840e+02  2.720e+02  1.840e+02  1.360e+02  3.040e+02
 7.429e-01  4.320e+02  2.880e+02  1.840e+02  1.280e+02  3.360e+02
 7.598e-01  4.320e+02  2.880e+02  1.880e+02  1.280e+02  4.000e+02
 7.769e-01  4.480e+02  2.880e+02  2.000e+02  1.320e+02  4.320e+02
 7.940e-01  5.440e+02  3.200e+02  1.960e+02  1.320e+02  4.320e+02
 8.111e-01  5.120e+02  2.880e+02  1.920e+02  1.320e+02  4.800e+02
 8.284e-01  5.120e+02  2.880e+02  1.920e+02  1.320e+02  4.960e+02
 8.457e-01  5.120e+02  2.880e+02  1.960e+02  1.240e+02  5.440e+02
 8.632e-01  5.440e+02  3.040e+02  1.960e+02  1.240e+02  5.440e+02
 8.807e-01  5.600e+02  3.040e+02  2.000e+02  1.200e+02  6.080e+02
 9.003e-01  5.600e+02  3.040e+02  2.000e+02  1.200e+02  6.080e+02
 9.209e-01  5.440e+02  2.880e+02  1.960e+02  1.240e+02  6.080e+02
 9.417e-01  5.600e+02  2.720e+02  2.040e+02  1.160e+02  5.920e+02
 9.625e-01  5.760e+02  2.880e+02  2.000e+02  1.080e+02  6.560e+02
 9.835e-01  6.400e+02  3.040e+02  2.040e+02  1.000e+02  7.520e+02
 1.005e+00  6.080e+02  3.040e+02  1.960e+02  9.600e+01  7.040e+02
 1.026e+00  8.640e+02  4.160e+02  2.200e+02  9.600e+01  1.024e+03
 1.047e+00  9.600e+02  4.480e+02  2.240e+02  8.800e+01  1.152e+03
 1.069e+00  1.024e+03  4.640e+02  2.200e+02  8.000e+01  1.280e+03
 1.090e+00  1.088e+03  4.480e+02  2.240e+02  8.000e+01  1.408e+03
 1.114e+00  1.088e+03  4.160e+02  2.160e+02  7.600e+01  1.344e+03
 1.139e+00  1.024e+03  4.320e+02  2.200e+02  6.400e+01  1.344e+03
 1.164e+00  1.280e+03  5.280e+02  2.320e+02  6.400e+01  1.600e+03
 1.190e+00  1.536e+03  6.880e+02  2.280e+02  4.900e+01  1.856e+03
 1.215e+00  1.664e+03  7.360e+02  2.560e+02  5.600e+01  2.432e+03
 1.241e+00  1.728e+03  7.040e+02  2.720e+02  4.800e+01  2.432e+03
 1.267e+00  1.536e+03  7.360e+02  2.400e+02  4.200e+01  1.984e+03
 1.293e+00  8.800e+02  5.120e+02  1.960e+02  4.200e+01  9.760e+02
 1.319e+00  5.440e+02  4.000e+02  1.920e+02  3.600e+01  6.400e+02
 1.345e+00  2.040e+02  1.280e+02  1.480e+02  3.500e+01  1.600e+02
 1.374e+00  2.080e+02  1.240e+02  1.480e+02  3.200e+01  1.800e+02
 1.404e+00  2.280e+02  1.360e+02  1.440e+02  3.100e+01  2.720e+02
 1.434e+00  2.120e+02  1.240e+02  1.480e+02  3.300e+01  2.160e+02
 1.465e+00  2.160e+02  1.280e+02  1.400e+02  4.200e+01  2.440e+02
 1.496e+00  2.240e+02  1.440e+02  1.440e+02  3.400e+01  2.720e+02
 1.527e+00  2.280e+02  1.560e+02  1.560e+02  3.600e+01  3.200e+02
 1.558e+00  2.080e+02  1.480e+02  1.520e+02  3.700e+01  2.720e+02
 1.589e+00  2.000e+02  1.360e+02  1.560e+02  3.300e+01  2.360e+02
 1.621e+00  2.240e+02  1.360e+02  1.480e+02  3.900e+01  1.960e+02
 1.653e+00  6.560e+02  2.080e+02  1.760e+02  4.200e+01  5.440e+02
 1.687e+00  2.560e+02  1.480e+02  1.600e+02  4.800e+01  3.680e+02
 1.723e+00  2.400e+02  1.360e+02  1.600e+02  4.700e+01  3.200e+02
 1.759e+00  2.360e+02  1.400e+02  1.640e+02  5.100e+01  3.040e+02
 1.796e+00  2.440e+02  1.400e+02  1.640e+02  5.500e+01  2.880e+02
 1.833e+00  2.520e+02  1.400e+02  1.720e+02  6.400e+01  3.040e+02
 1.870e+00  2.480e+02  1.440e+02  1.760e+02  6.800e+01  3.360e+02
 1.907e+00  2.520e+02  1.440e+02  1.840e+02  7.200e+01  3.200e+02
 1.944e+00  2.560e+02  1.480e+02  1.880e+02  8.000e+01  3.200e+02
 1.982e+00  2.560e+02  1.520e+02  1.880e+02  9.600e+01  3.040e+02
 2.020e+00  2.520e+02  1.520e+02  1.920e+02  9.200e+01  2.880e+02
 2.062e+00  2.480e+02  1.520e+02  2.000e+02  1.000e+02  2.480e+02
 2.104e+00  2.400e+02  1.480e+02  2.000e+02  1.040e+02  2.160e+02
 2.147e+00  2.560e+02  1.520e+02  2.080e+02  1.120e+02  2.240e+02
 2.190e+00  2.560e+02  1.600e+02  2.080e+02  1.160e+02  2.480e+02
 2.234e+00  2.560e+02  1.560e+02  1.960e+02  1.160e+02  2.520e+02
 2.278e+00  2.560e+02  1.600e+02  2.000e+02  1.240e+02  2.160e+02
 2.322e+00  2.560e+02  1.600e+02  2.080e+02  1.280e+02  2.000e+02
 2.367e+00  2.560e+02  1.600e+02  2.120e+02  1.280e+02  2.160e+02
 2.411e+00  2.560e+02  1.640e+02  2.160e+02  1.400e+02  2.160e+02
 2.457e+00  2.720e+02  1.680e+02  2.200e+02  1.480e+02  2.240e+02
 2.505e+00  2.720e+02  1.720e+02  2.200e+02  1.480e+02  2.440e+02
 2.555e+00  2.720e+02  1.760e+02  2.360e+02  1.560e+02  2.880e+02
 2.606e+00  2.880e+02  1.800e+02  2.320e+02  1.680e+02  3.040e+02
 2.656e+00  2.880e+02  1.800e+02  2.440e+02  1.680e+02  2.880e+02
 2.707e+00  2.880e+02  1.840e+02  2.360e+02  1.720e+02  3.360e+02
 2.759e+00  3.040e+02  1.920e+02  2.360e+02  1.760e+02  3.520e+02
 2.811e+00  3.040e+02  1.920e+02  2.440e+02  1.800e+02  3.520e+02
 2.863e+00  3.040e+02  1.960e+02  2.440e+02  1.840e+02  3.520e+02
 2.915e+00  3.040e+02  2.000e+02  2.440e+02  1.960e+02  3.520e+02
 2.968e+00  3.040e+02  2.000e+02  2.440e+02  1.920e+02  3.360e+02
 3.014e+00  3.200e+02  2.040e+02  2.480e+02  1.920e+02  3.520e+02
 3.049e+00  3.200e+02  2.000e+02  2.480e+02  1.920e+02  3.520e+02
 3.085e+00  3.200e+02  2.080e+02  2.480e+02  1.960e+02  3.360e+02
 3.121e+00  3.200e+02  2.040e+02  2.560e+02  1.920e+02  3.200e+02
 3.157e+00  3.360e+02  2.080e+02  2.400e+02  2.000e+02  3.200e+02
 3.193e+00  3.200e+02  2.080e+02  2.480e+02  1.960e+02  3.200e+02
 3.230e+00  3.040e+02  2.080e+02  2.440e+02  2.000e+02  3.200e+02
 3.266e+00  3.200e+02  2.080e+02  2.480e+02  2.000e+02  3.360e+02
 3.303e+00  3.360e+02  2.160e+02  2.440e+02  2.000e+02  3.680e+02
 3.340e+00  3.200e+02  2.160e+02  2.440e+02  1.920e+02  3.680e+02
 3.378e+00  3.200e+02  2.120e+02  2.480e+02  1.960e+02  3.680e+02
 3.415e+00  3.200e+02  2.160e+02  2.480e+02  1.960e+02  3.680e+02
 3.452e+00  3.200e+02  2.120e+02  2.440e+02  2.000e+02  3.680e+02
 3.490e+00  3.200e+02  2.120e+02  2.400e+02  1.960e+02  3.520e+02
 3.527e+00  3.200e+02  2.040e+02  2.400e+02  1.920e+02  2.880e+02
 3.565e+00  2.720e+02  1.960e+02  2.360e+02  1.920e+02  2.000e+02
 3.603e+00  2.720e+02  1.960e+02  2.400e+02  1.960e+02  1.840e+02
 3.641e+00  2.720e+02  1.960e+02  2.360e+02  1.920e+02  2.200e+02
 3.679e+00  2.880e+02  2.040e+02  2.440e+02  2.000e+02  2.560e+02
 3.717e+00  2.880e+02  2.000e+02  2.480e+02  1.920e+02  2.560e+02
 3.757e+00  2.880e+02  2.000e+02  2.320e+02  1.960e+02  2.280e+02
 3.795e+00  2.880e+02  2.000e+02  2.440e+02  1.960e+02  2.200e+02
 3.834e+00  2.880e+02  2.040e+02  2.480e+02  2.040e+02  2.160e+02
 3.872e+00  2.880e+02  2.000e+02  2.480e+02  2.040e+02  2.240e+02
 3.911e+00  2.880e+02  2.000e+02  2.520e+02  2.040e+02  2.000e+02
 3.950e+00  2.880e+02  1.960e+02  2.480e+02  2.000e+02  1.800e+02
 3.990e+00  2.880e+02  1.960e+02  2.480e+02  2.080e+02  1.800e+02
 4.029e+00  2.880e+02  1.920e+02  2.480e+02  2.000e+02  1.920e+02
 4.068e+00  2.880e+02  1.920e+02  2.520e+02  2.040e+02  1.760e+02
 4.108e+00  2.880e+02  1.880e+02  2.440e+02  2.040e+02  1.760e+02
 4.148e+00  2.720e+02  1.840e+02  2.440e+02  2.000e+02  1.600e+02
 4.188e+00  2.720e+02  1.800e+02  2.440e+02  2.000e+02  1.520e+02
 4.228e+00  2.720e+02  1.760e+02  2.440e+02  1.960e+02  1.480e+02
 4.268e+00  2.720e+02  1.720e+02  2.400e+02  1.960e+02  1.480e+02
 4.308e+00  2.560e+02  1.760e+02  2.400e+02  1.920e+02  1.440e+02
 4.349e+00  2.720e+02  1.760e+02  2.400e+02  1.920e+02  1.400e+02
 4.389e+00  2.720e+02  1.720e+02  2.400e+02  1.880e+02  1.320e+02
 4.430e+00  2.560e+02  1.680e+02  2.360e+02  1.880e+02  1.240e+02
 4.470e+00  2.560e+02  1.680e+02  2.320e+02  1.840e+02  1.320e+02
 4.511e+00  2.560e+02  1.680e+02  2.400e+02  1.840e+02  1.480e+02
 4.553e+00  2.720e+02  1.680e+02  2.400e+02  1.880e+02  1.400e+02
 4.594e+00  2.560e+02  1.720e+02  2.360e+02  1.840e+02  1.400e+02
 4.635e+00  2.720e+02  1.720e+02  2.360e+02  1.760e+02  1.440e+02
 4.676e+00  2.560e+02  1.680e+02  2.360e+02  1.840e+02  1.480e+02
 4.718e+00  2.560e+02  1.680e+02  2.320e+02  1.800e+02  1.560e+02
 4.759e+00  2.560e+02  1.600e+02  2.160e+02  1.640e+02  1.640e+02
 4.801e+00  2.560e+02  1.600e+02  2.200e+02  1.640e+02  1.560e+02
 4.842e+00  2.520e+02  1.600e+02  2.160e+02  1.560e+02  1.640e+02
 4.884e+00  2.560e+02  1.560e+02  2.280e+02  1.720e+02  1.520e+02
 4.926e+00  2.560e+02  1.600e+02  2.280e+02  1.680e+02  1.400e+02
 4.969e+00  2.520e+02  1.600e+02  2.280e+02  1.680e+02  1.400e+02
 5.011e+00  2.480e+02  1.520e+02  2.120e+02  1.560e+02  1.440e+02
 5.053e+00  2.440e+02  1.480e+02  2.080e+02  1.520e+02  1.480e+02
 5.096e+00  2.480e+02  1.440e+02  2.040e+02  1.520e+02  1.560e+02
 5.138e+00  2.320e+02  1.440e+02  2.080e+02  1.480e+02  1.560e+02
 5.181e+00  2.280e+02  1.400e+02  2.120e+02  1.440e+02  1.640e+02
 5.223e+00  2.360e+02  1.440e+02  2.040e+02  1.400e+02  1.800e+02
 5.266e+00  2.240e+02  1.360e+02  1.960e+02  1.400e+02  1.720e+02
 5.309e+00  2.320e+02  1.360e+02  1.920e+02  1.360e+02  1.680e+02
 5.352e+00  2.280e+02  1.360e+02  1.880e+02  1.440e+02  1.720e+02
 5.396e+00  2.200e+02  1.320e+02  1.920e+02  1.320e+02  1.760e+02
 5.439e+00  2.200e+02  1.320e+02  1.800e+02  1.240e+02  1.760e+02
 5.483e+00  2.120e+02  1.240e+02  1.840e+02  1.240e+02  1.800e+02
 5.526e+00  2.080e+02  1.200e+02  1.760e+02  1.200e+02  1.760e+02
 5.569e+00  2.120e+02  1.160e+02  1.720e+02  1.160e+02  1.880e+02
 5.613e+00  2.080e+02  1.160e+02  1.680e+02  1.080e+02  1.880e+02
 5.657e+00  2.080e+02  1.120e+02  1.840e+02  1.200e+02  1.800e+02
 5.700e+00  2.000e+02  1.080e+02  1.760e+02  1.160e+02  1.760e+02
 5.744e+00  2.000e+02  1.080e+02  1.720e+02  1.120e+02  1.560e+02
 5.788e+00  1.920e+02  1.080e+02  1.640e+02  1.040e+02  1.480e+02
 5.834e+00  1.840e+02  1.000e+02  1.680e+02  1.040e+02  1.400e+02
 5.878e+00  1.880e+02  9.600e+01  1.600e+02  1.000e+02  1.720e+02
 5.922e+00  1.800e+02  9.200e+01  1.520e+02  9.200e+01  1.440e+02
 5.966e+00  1.800e+02  8.800e+01  1.480e+02  9.200e+01  1.480e+02
 6.011e+00  1.720e+02  8.800e+01  1.400e+02  8.000e+01  1.280e+02
 6.056e+00  1.720e+02  8.000e+01  1.360e+02  8.000e+01  1.400e+02
 6.100e+00  1.640e+02  8.000e+01  1.360e+02  7.600e+01  1.200e+02
 6.145e+00  1.600e+02  7.600e+01  1.240e+02  6.800e+01  1.240e+02
 6.190e+00  1.520e+02  6.800e+01  1.240e+02  6.400e+01  1.160e+02
 6.235e+00  1.480e+02  6.400e+01  1.200e+02  5.700e+01  1.200e+02
 6.281e+00  1.440e+02  6.400e+01  1.120e+02  5.700e+01  1.280e+02
 6.326e+00  1.400e+02  5.800e+01  1.080e+02  4.900e+01  1.080e+02
 6.372e+00  1.400e+02  5.600e+01  1.000e+02  4.400e+01  9.600e+01
 6.417e+00  1.240e+02  5.400e+01  9.200e+01  3.500e+01  1.200e+02
 6.463e+00  1.280e+02  5.000e+01  8.800e+01  3.800e+01  9.600e+01
 6.508e+00  1.120e+02  4.500e+01  8.000e+01  2.300e+01  1.000e+02
 6.554e+00  1.120e+02  3.800e+01  7.200e+01  1.500e+01  9.200e+01
 6.600e+00  1.000e+02  3.500e+01  7.200e+01  9.000e+00  5.200e+01
 6.646e+00  9.600e+01  2.700e+01  6.200e+01  3.000e+00  4.000e+01
 6.692e+00  8.800e+01  2.200e+01  4.700e+01 -6.000e+00  3.800e+01
 6.739e+00  8.400e+01  2.200e+01  4.900e+01 -1.000e+01  3.200e+01
 6.785e+00  7.200e+01  1.500e+01  3.400e+01 -2.500e+01  2.400e+01
 6.831e+00  7.600e+01  8.000e+00  3.600e+01 -1.800e+01  2.700e+01
 6.878e+00  5.900e+01  2.000e+00  2.200e+01 -3.300e+01  1.000e+01
 6.924e+00  5.100e+01 -2.000e+00  1.700e+01 -4.100e+01  2.600e+01
 6.971e+00  4.200e+01 -5.000e+00  7.000e+00 -6.100e+01  1.900e+01
 7.017e+00  3.900e+01 -1.000e+01 -2.000e+00 -6.400e+01  3.200e+01
 7.064e+00  2.700e+01 -1.600e+01 -9.000e+00 -7.600e+01  2.000e+01
 7.111e+00  2.700e+01 -2.700e+01 -2.600e+01 -8.000e+01  1.100e+01
 7.158e+00  1.100e+01 -3.200e+01 -3.200e+01 -1.000e+02  1.700e+01
 7.206e+00  5.000e+00 -3.500e+01 -3.800e+01 -9.200e+01  7.000e+00
 7.254e+00 -1.000e+01 -4.100e+01 -4.600e+01 -1.120e+02  1.300e+01
 7.301e+00 -6.000e+00 -4.700e+01 -5.300e+01 -1.240e+02 -1.000e+00
 7.348e+00 -1.800e+01 -5.000e+01 -6.800e+01 -1.280e+02 -1.700e+01
 7.396e+00 -3.300e+01 -6.000e+01 -7.600e+01 -1.320e+02 -4.300e+01
 7.443e+00 -3.800e+01 -6.800e+01 -8.000e+01 -1.440e+02 -3.500e+01
 7.491e+00 -5.200e+01 -7.200e+01 -9.200e+01 -1.520e+02 -4.900e+01
 7.539e+00 -5.400e+01 -7.600e+01 -1.080e+02 -1.560e+02 -6.200e+01
 7.587e+00 -6.300e+01 -8.400e+01 -1.200e+02 -1.720e+02 -6.800e+01
 7.635e+00 -7.600e+01 -9.200e+01 -1.280e+02 -1.800e+02 -8.400e+01
 7.684e+00 -8.400e+01 -9.600e+01 -1.360e+02 -1.880e+02 -9.200e+01
 7.732e+00 -9.200e+01 -1.000e+02 -1.480e+02 -2.000e+02 -6.800e+01
 7.781e+00 -1.080e+02 -1.080e+02 -1.560e+02 -2.040e+02 -7.600e+01
 7.829e+00 -1.160e+02 -1.160e+02 -1.600e+02 -2.200e+02 -1.000e+02
 7.877e+00 -1.200e+02 -1.240e+02 -1.760e+02 -2.280e+02 -1.160e+02
 7.926e+00 -1.280e+02 -1.240e+02 -1.840e+02 -2.440e+02 -9.200e+01
 7.975e+00 -1.400e+02 -1.320e+02 -1.960e+02 -2.440e+02 -1.320e+02
 8.024e+00 -1.480e+02 -1.400e+02 -2.040e+02 -2.560e+02 -1.040e+02
 8.072e+00 -1.600e+02 -1.440e+02 -2.160e+02 -2.720e+02 -1.080e+02
 8.122e+00 -1.680e+02 -1.520e+02 -2.240e+02 -2.720e+02 -8.000e+01
 8.172e+00 -1.680e+02 -1.520e+02 -2.200e+02 -2.720e+02 -8.400e+01
 8.221e+00 -1.760e+02 -1.560e+02 -2.360e+02 -2.880e+02 -1.000e+02
 8.270e+00 -1.880e+02 -1.600e+02 -2.440e+02 -2.880e+02 -8.800e+01
 8.320e+00 -1.960e+02 -1.680e+02 -2.440e+02 -3.040e+02 -8.800e+01
 8.369e+00 -1.960e+02 -1.720e+02 -2.560e+02 -3.040e+02 -7.600e+01
 8.419e+00 -1.960e+02 -1.760e+02 -2.720e+02 -2.880e+02 -9.600e+01
 8.469e+00 -2.080e+02 -1.760e+02 -2.720e+02 -3.040e+02 -1.080e+02
 8.519e+00 -2.120e+02 -1.840e+02 -2.720e+02 -3.200e+02 -1.000e+02
 8.569e+00 -2.160e+02 -1.880e+02 -2.880e+02 -3.200e+02 -7.600e+01
 8.619e+00 -2.200e+02 -1.920e+02 -3.040e+02 -3.360e+02 -1.080e+02
 8.670e+00 -2.320e+02 -1.960e+02 -2.880e+02 -3.200e+02 -1.040e+02
 8.721e+00 -2.360e+02 -2.000e+02 -3.040e+02 -3.360e+02 -1.040e+02
 8.771e+00 -2.360e+02 -2.040e+02 -3.040e+02 -3.360e+02 -9.600e+01
 8.821e+00 -2.360e+02 -2.080e+02 -3.200e+02 -3.360e+02 -9.200e+01
 8.872e+00 -2.480e+02 -2.080e+02 -3.200e+02 -3.360e+02 -1.280e+02
 8.923e+00 -2.480e+02 -2.160e+02 -3.200e+02 -3.520e+02 -1.120e+02
 8.974e+00 -2.480e+02 -2.160e+02 -3.040e+02 -3.360e+02 -1.120e+02
 9.025e+00 -2.560e+02 -2.200e+02 -3.200e+02 -3.360e+02 -8.800e+01
 9.076e+00 -2.720e+02 -2.240e+02 -3.360e+02 -3.360e+02 -1.160e+02
 9.127e+00 -2.720e+02 -2.280e+02 -3.360e+02 -3.360e+02 -1.280e+02
 9.179e+00 -2.720e+02 -2.280e+02 -3.360e+02 -3.360e+02 -1.080e+02
 9.231e+00 -2.720e+02 -2.280e+02 -3.360e+02 -3.360e+02 -1.320e+02
 9.282e+00 -2.720e+02 -2.320e+02 -3.520e+02 -3.360e+02 -1.240e+02
 9.334e+00 -2.720e+02 -2.280e+02 -3.520e+02 -3.200e+02 -1.360e+02
 9.386e+00 -2.720e+02 -2.360e+02 -3.360e+02 -3.040e+02 -1.240e+02
 9.437e+00 -2.560e+02 -2.360e+02 -3.520e+02 -3.360e+02 -1.600e+02
 9.489e+00 -2.560e+02 -2.400e+02 -3.360e+02 -3.200e+02 -1.320e+02
 9.541e+00 -2.720e+02 -2.400e+02 -3.360e+02 -3.200e+02 -1.480e+02
 9.594e+00 -2.560e+02 -2.400e+02 -3.520e+02 -2.880e+02 -1.920e+02
 9.646e+00 -2.440e+02 -2.400e+02 -3.360e+02 -2.880e+02 -1.320e+02
 9.700e+00 -2.520e+02 -2.400e+02 -3.520e+02 -3.040e+02 -1.640e+02
 9.752e+00 -2.560e+02 -2.400e+02 -3.360e+02 -2.880e+02 -1.520e+02
 9.805e+00 -2.480e+02 -2.400e+02 -3.360e+02 -2.720e+02 -1.760e+02
 9.857e+00 -2.520e+02 -2.440e+02 -3.360e+02 -2.720e+02 -1.400e+02
 9.910e+00 -2.480e+02 -2.480e+02 -3.360e+02 -2.520e+02 -1.880e+02
 9.963e+00 -2.520e+02 -2.440e+02 -3.360e+02 -2.320e+02 -1.680e+02
 1.002e+01 -2.480e+02 -2.440e+02 -3.200e+02 -2.240e+02 -1.600e+02
 1.007e+01 -2.360e+02 -2.440e+02 -3.360e+02 -2.160e+02 -1.920e+02
 1.012e+01 -2.440e+02 -2.440e+02 -3.200e+02 -2.200e+02 -1.640e+02
 1.018e+01 -2.440e+02 -2.360e+02 -3.360e+02 -2.040e+02 -1.360e+02
 1.023e+01 -2.360e+02 -2.360e+02 -3.200e+02 -1.920e+02 -1.400e+02
 1.028e+01 -2.200e+02 -2.360e+02 -3.040e+02 -1.760e+02 -1.520e+02
 1.034e+01 -2.160e+02 -2.400e+02 -3.200e+02 -1.680e+02 -1.560e+02
 1.039e+01 -2.120e+02 -2.320e+02 -3.040e+02 -1.480e+02 -1.440e+02
 1.045e+01 -2.040e+02 -2.280e+02 -3.040e+02 -1.280e+02 -1.240e+02
 1.050e+01 -1.920e+02 -2.360e+02 -2.880e+02 -1.280e+02 -1.040e+02
 1.055e+01 -1.840e+02 -2.360e+02 -2.720e+02 -1.280e+02 -1.160e+02
 1.061e+01 -1.720e+02 -2.280e+02 -2.880e+02 -1.000e+02 -8.400e+01
 1.066e+01 -1.840e+02 -2.200e+02 -2.880e+02 -8.400e+01 -1.400e+02
 1.072e+01 -1.680e+02 -2.280e+02 -2.720e+02 -5.800e+01 -1.280e+02
 1.077e+01 -1.520e+02 -2.280e+02 -2.440e+02 -4.500e+01 -8.000e+01
 1.083e+01 -1.480e+02 -2.160e+02 -2.400e+02 -4.000e+01 -8.800e+01
 1.088e+01 -1.360e+02 -2.280e+02 -2.200e+02 -3.500e+01 -9.600e+01
 1.094e+01 -1.360e+02 -2.160e+02 -2.240e+02 -4.000e+00 -1.000e+02
 1.099e+01 -1.200e+02 -2.160e+02 -2.240e+02  1.500e+01 -5.000e+01
 1.105e+01 -1.240e+02 -2.240e+02 -2.120e+02  3.000e+00 -8.400e+01
 1.110e+01 -1.480e+02 -2.120e+02 -2.280e+02  2.900e+01 -8.800e+01
 1.116e+01 -1.200e+02 -2.200e+02 -1.920e+02  1.400e+01 -6.100e+01
 1.121e+01 -1.080e+02 -2.160e+02 -2.160e+02  3.000e+01 -1.000e+02
 1.127e+01 -1.120e+02 -2.200e+02 -2.040e+02  3.800e+01 -6.800e+01
 1.133e+01 -8.400e+01 -2.240e+02 -2.000e+02  5.000e+01 -7.600e+01
 1.138e+01 -1.200e+02 -2.160e+02 -1.880e+02  4.900e+01 -1.280e+02
 1.144e+01 -8.400e+01 -2.200e+02 -1.600e+02  6.000e+01 -6.300e+01
 1.149e+01 -8.400e+01 -2.240e+02 -1.640e+02  8.000e+01 -4.800e+01
 1.155e+01 -9.200e+01 -2.280e+02 -1.600e+02  8.800e+01 -1.080e+02
 1.161e+01 -6.800e+01 -2.240e+02 -1.640e+02  8.800e+01 -9.200e+01
 1.166e+01 -7.600e+01 -2.280e+02 -1.520e+02  1.280e+02 -1.160e+02
 1.172e+01 -4.700e+01 -2.240e+02 -1.480e+02  1.240e+02 -1.040e+02
 1.178e+01 -2.800e+01 -2.160e+02 -1.440e+02  1.360e+02 -1.160e+02
 1.183e+01 -6.200e+01 -2.240e+02 -1.280e+02  1.440e+02 -8.800e+01
 1.189e+01 -3.500e+01 -2.240e+02 -1.160e+02  1.480e+02 -1.280e+02
 1.195e+01 -2.200e+01 -2.240e+02 -9.200e+01  1.640e+02 -1.280e+02
 1.201e+01 -1.900e+01 -2.200e+02 -6.400e+01  1.840e+02 -1.760e+02
 1.206e+01  0.000e+00 -2.160e+02 -9.600e+01  1.800e+02 -1.520e+02
 1.212e+01 -2.000e+00 -2.080e+02 -8.400e+01  2.160e+02 -1.720e+02
 1.218e+01  2.000e+01 -2.120e+02 -7.200e+01  2.560e+02 -1.600e+02
 1.223e+01  4.200e+01 -2.200e+02 -3.900e+01  2.880e+02 -1.800e+02
 1.229e+01  7.600e+01 -2.040e+02 -3.400e+01  2.880e+02 -2.040e+02
 1.235e+01  9.200e+01 -1.880e+02  4.000e+00  3.360e+02 -1.920e+02
 1.241e+01  1.400e+02 -1.840e+02 -5.000e+00  3.840e+02 -1.840e+02
 1.247e+01  1.440e+02 -1.640e+02  2.000e+01  4.000e+02 -1.960e+02
 1.252e+01  1.960e+02 -1.400e+02  2.400e+01  4.160e+02 -2.080e+02
 1.258e+01  1.840e+02 -1.360e+02 -1.300e+01  2.880e+02 -2.720e+02
 1.264e+01 -2.000e+00 -1.920e+02 -1.840e+02 -5.100e+01 -2.040e+02
 1.270e+01 -2.880e+02 -3.520e+02 -4.320e+02 -6.080e+02 -2.360e+02
 1.276e+01 -2.440e+02 -4.000e+02 -4.000e+02 -5.280e+02 -2.480e+02
 1.282e+01  4.900e+01 -2.000e+02 -6.800e+01  1.000e+01 -3.040e+02
 1.287e+01 -1.200e+02 -3.040e+02 -2.320e+02 -1.520e+02 -2.360e+02
 1.293e+01 -1.280e+02 -3.040e+02 -2.880e+02 -2.200e+02 -2.400e+02
 1.299e+01 -1.240e+02 -2.880e+02 -3.200e+02 -2.520e+02 -1.360e+02
 1.305e+01 -1.640e+02 -3.040e+02 -2.480e+02 -2.480e+02  2.300e+01
 1.311e+01 -1.360e+02 -2.720e+02 -2.240e+02 -1.560e+02  2.000e+01
 1.317e+01 -1.200e+02 -3.200e+02 -2.400e+02 -1.960e+02  5.000e+00
 1.323e+01 -1.080e+02 -3.040e+02 -2.440e+02 -2.080e+02  1.000e+01
 1.329e+01 -1.160e+02 -3.040e+02 -2.880e+02 -2.400e+02 -1.900e+01
 1.335e+01 -1.560e+02 -3.040e+02 -2.720e+02 -2.880e+02  3.500e+01
 1.341e+01 -1.520e+02 -3.040e+02 -2.880e+02 -3.200e+02  2.000e+00
 1.347e+01 -1.120e+02 -3.040e+02 -3.040e+02 -2.880e+02 -5.000e+01
 1.353e+01 -1.920e+02 -3.360e+02 -3.200e+02 -3.520e+02 -2.800e+01
 1.359e+01 -1.560e+02 -3.520e+02 -3.360e+02 -3.840e+02 -8.400e+01
 1.365e+01 -2.120e+02 -3.520e+02 -3.360e+02 -4.000e+02 -8.800e+01
 1.371e+01 -1.880e+02 -3.360e+02 -3.520e+02 -4.000e+02 -4.300e+01
 1.377e+01 -2.240e+02 -3.360e+02 -3.520e+02 -4.480e+02 -3.200e+01
 1.383e+01 -1.680e+02 -3.520e+02 -4.000e+02 -4.480e+02 -1.200e+02
 1.389e+01 -1.640e+02 -3.520e+02 -4.000e+02 -4.800e+02 -1.320e+02
 1.395e+01 -1.720e+02 -3.680e+02 -4.000e+02 -5.440e+02 -1.280e+02
 1.401e+01 -2.240e+02 -3.680e+02 -4.000e+02 -5.440e+02 -8.000e+01
 1.407e+01 -2.200e+02 -3.840e+02 -4.640e+02 -5.760e+02 -1.200e+02
 1.413e+01 -2.440e+02 -3.840e+02 -4.480e+02 -6.240e+02 -1.920e+02
 1.419e+01 -2.320e+02 -3.840e+02 -4.160e+02 -6.080e+02 -1.120e+02
 1.425e+01 -2.440e+02 -3.840e+02 -5.280e+02 -6.720e+02 -2.200e+02
 1.431e+01 -2.720e+02 -4.000e+02 -4.960e+02 -7.200e+02 -1.920e+02
 1.437e+01 -3.040e+02 -3.840e+02 -5.120e+02 -6.880e+02 -2.240e+02
 1.443e+01 -3.040e+02 -4.160e+02 -5.760e+02 -7.840e+02 -1.880e+02
 1.450e+01 -3.200e+02 -4.000e+02 -6.400e+02 -7.840e+02 -2.200e+02
 1.456e+01 -2.880e+02 -4.160e+02 -6.400e+02 -8.000e+02 -3.040e+02
 1.462e+01 -3.040e+02 -4.480e+02 -6.400e+02 -8.800e+02 -1.960e+02
 1.468e+01 -3.360e+02 -4.320e+02 -6.880e+02 -8.800e+02 -3.040e+02
 1.474e+01 -3.200e+02 -4.000e+02 -6.560e+02 -9.280e+02 -2.880e+02
 1.480e+01 -3.520e+02 -4.320e+02 -7.200e+02 -9.440e+02 -3.200e+02
 1.486e+01 -4.160e+02 -4.640e+02 -8.000e+02 -9.760e+02 -3.520e+02
 1.493e+01 -3.840e+02 -4.320e+02 -7.040e+02 -9.920e+02 -3.840e+02
 1.499e+01 -4.480e+02 -4.800e+02 -7.680e+02 -1.008e+03 -3.520e+02
 1.505e+01 -4.160e+02 -4.800e+02 -8.640e+02 -1.088e+03 -4.320e+02
 1.511e+01 -4.640e+02 -4.640e+02 -9.120e+02 -1.088e+03 -3.360e+02
 1.517e+01 -5.280e+02 -4.800e+02 -8.960e+02 -1.152e+03 -4.160e+02
 1.523e+01 -4.800e+02 -4.800e+02 -9.280e+02 -1.152e+03 -4.640e+02
 1.530e+01 -4.960e+02 -4.800e+02 -1.024e+03 -1.152e+03 -4.160e+02
 1.536e+01 -5.280e+02 -4.800e+02 -9.920e+02 -1.152e+03 -4.640e+02
 1.542e+01 -6.080e+02 -5.120e+02 -1.008e+03 -1.216e+03 -4.960e+02
 1.548e+01 -5.760e+02 -4.960e+02 -1.088e+03 -1.216e+03 -4.640e+02
 1.555e+01 -6.720e+02 -5.440e+02 -1.088e+03 -1.216e+03 -4.960e+02
 1.561e+01 -6.560e+02 -5.760e+02 -1.152e+03 -1.216e+03 -4.800e+02
 1.567e+01 -7.040e+02 -5.760e+02 -1.152e+03 -1.216e+03 -4.800e+02
 1.573e+01 -6.880e+02 -6.080e+02 -1.216e+03 -1.280e+03 -5.600e+02
 1.580e+01 -7.680e+02 -6.080e+02 -1.216e+03 -1.216e+03 -4.800e+02
 1.586e+01 -7.520e+02 -6.080e+02 -1.152e+03 -1.280e+03 -5.440e+02
 1.592e+01 -8.000e+02 -6.240e+02 -1.216e+03 -1.216e+03 -5.760e+02
 1.598e+01 -8.320e+02 -6.720e+02 -1.216e+03 -1.280e+03 -5.920e+02
 1.605e+01 -9.280e+02 -7.360e+02 -1.280e+03 -1.280e+03 -6.240e+02
 1.611e+01 -9.760e+02 -7.520e+02 -1.280e+03 -1.280e+03 -6.720e+02
 1.618e+01 -9.920e+02 -8.320e+02 -1.280e+03 -1.280e+03 -6.720e+02
 1.624e+01 -1.088e+03 -8.960e+02 -1.344e+03 -1.344e+03 -6.560e+02
 1.630e+01 -1.152e+03 -9.120e+02 -1.344e+03 -1.344e+03 -6.560e+02
 1.636e+01 -1.152e+03 -9.600e+02 -1.408e+03 -1.280e+03 -7.200e+02
 1.643e+01 -1.216e+03 -1.088e+03 -1.408e+03 -1.344e+03 -8.160e+02
 1.649e+01 -1.280e+03 -1.088e+03 -1.408e+03 -1.344e+03 -8.320e+02
 1.655e+01 -1.280e+03 -1.152e+03 -1.408e+03 -1.344e+03 -8.640e+02
 1.662e+01 -1.280e+03 -1.216e+03 -1.408e+03 -1.344e+03 -7.680e+02
 1.668e+01 -1.344e+03 -1.344e+03 -1.408e+03 -1.344e+03 -7.840e+02
 1.675e+01 -1.344e+03 -1.344e+03 -1.408e+03 -1.344e+03 -9.120e+02
 1.681e+01 -1.344e+03 -1.344e+03 -1.472e+03 -1.344e+03 -8.800e+02
 1.687e+01 -1.344e+03 -1.408e+03 -1.408e+03 -1.344e+03 -8.000e+02
 1.694e+01 -1.344e+03 -1.408e+03 -1.408e+03 -1.280e+03 -8.320e+02
 1.700e+01 -1.344e+03 -1.408e+03 -1.408e+03 -1.280e+03 -7.840e+02
 1.706e+01 -1.344e+03 -1.472e+03 -1.408e+03 -1.280e+03 -7.680e+02
 1.713e+01 -1.344e+03 -1.472e+03 -1.408e+03 -1.280e+03 -6.880e+02
 1.719e+01 -1.344e+03 -1.472e+03 -1.408e+03 -1.280e+03 -7.360e+02
 1.726e+01 -1.344e+03 -1.472e+03 -1.408e+03 -1.216e+03 -5.760e+02
 1.732e+01 -1.344e+03 -1.472e+03 -1.408e+03 -1.216e+03 -6.880e+02
 1.739e+01 -1.344e+03 -1.536e+03 -1.408e+03 -1.216e+03 -6.560e+02
 1.745e+01 -1.344e+03 -1.536e+03 -1.344e+03 -1.216e+03 -5.760e+02
 1.751e+01 -1.344e+03 -1.536e+03 -1.344e+03 -1.216e+03 -6.400e+02
 1.758e+01 -1.344e+03 -1.536e+03 -1.408e+03 -1.216e+03 -6.080e+02
 1.764e+01 -1.344e+03 -1.536e+03 -1.408e+03 -1.216e+03 -6.240e+02
 1.771e+01 -1.344e+03 -1.536e+03 -1.408e+03 -1.216e+03 -5.760e+02
 1.777e+01 -1.408e+03 -1.600e+03 -1.408e+03 -1.216e+03 -6.240e+02
 1.784e+01 -1.344e+03 -1.600e+03 -1.408e+03 -1.216e+03 -6.240e+02
 1.790e+01 -1.408e+03 -1.600e+03 -1.344e+03 -1.216e+03 -7.040e+02
 1.797e+01 -1.408e+03 -1.600e+03 -1.408e+03 -1.216e+03 -6.560e+02
 1.803e+01 -1.408e+03 -1.600e+03 -1.344e+03 -1.152e+03 -7.040e+02
 1.810e+01 -1.408e+03 -1.600e+03 -1.408e+03 -1.216e+03 -6.560e+02
 1.816e+01 -1.408e+03 -1.600e+03 -1.408e+03 -1.216e+03 -6.720e+02
 1.823e+01 -1.408e+03 -1.600e+03 -1.408e+03 -1.152e+03 -6.400e+02
 1.829e+01 -1.408e+03 -1.600e+03 -1.408e+03 -1.216e+03 -4.800e+02
 1.836e+01 -1.408e+03 -1.600e+03 -1.408e+03 -1.152e+03 -4.640e+02
 1.842e+01 -1.408e+03 -1.600e+03 -1.344e+03 -1.216e+03 -4.960e+02
 1.849e+01 -1.408e+03 -1.600e+03 -1.344e+03 -1.152e+03 -5.440e+02
 1.855e+01 -1.408e+03 -1.664e+03 -1.344e+03 -1.216e+03 -5.760e+02
 1.862e+01 -1.472e+03 -1.664e+03 -1.344e+03 -1.216e+03 -6.240e+02
 1.869e+01 -1.472e+03 -1.664e+03 -1.344e+03 -1.216e+03 -6.240e+02
 1.875e+01 -1.472e+03 -1.664e+03 -1.344e+03 -1.216e+03 -6.720e+02
 1.882e+01 -1.472e+03 -1.728e+03 -1.280e+03 -1.152e+03 -7.040e+02
 1.888e+01 -1.472e+03 -1.728e+03 -1.280e+03 -1.152e+03 -7.680e+02
 1.895e+01 -1.472e+03 -1.728e+03 -1.280e+03 -1.088e+03 -7.520e+02
 1.901e+01 -1.472e+03 -1.728e+03 -1.280e+03 -1.088e+03 -8.000e+02
 1.908e+01 -1.472e+03 -1.728e+03 -1.280e+03 -1.008e+03 -8.480e+02
 1.915e+01 -1.472e+03 -1.728e+03 -1.280e+03 -9.920e+02 -8.480e+02
 1.921e+01 -1.472e+03 -1.728e+03 -1.280e+03 -9.760e+02 -8.800e+02
 1.928e+01 -1.472e+03 -1.728e+03 -1.280e+03 -9.440e+02 -8.960e+02
 1.935e+01 -1.472e+03 -1.728e+03 -1.280e+03 -9.120e+02 -8.960e+02
 1.941e+01 -1.472e+03 -1.728e+03 -1.280e+03 -9.120e+02 -8.320e+02
 1.948e+01 -1.472e+03 -1.728e+03 -1.280e+03 -9.120e+02 -8.160e+02
 1.955e+01 -1.472e+03 -1.728e+03 -1.280e+03 -8.800e+02 -7.360e+02
 1.961e+01 -1.472e+03 -1.728e+03 -1.280e+03 -8.800e+02 -7.040e+02
 1.968e+01 -1.472e+03 -1.728e+03 -1.280e+03 -8.800e+02 -7.040e+02
 1.974e+01 -1.472e+03 -1.728e+03 -1.280e+03 -8.800e+02 -7.040e+02
 1.981e+01 -1.472e+03 -1.728e+03 -1.280e+03 -8.800e+02 -6.880e+02
 1.988e+01 -1.472e+03 -1.728e+03 -1.280e+03 -8.800e+02 -6.880e+02
 1.995e+01 -1.472e+03 -1.728e+03 -1.280e+03 -8.640e+02 -7.040e+02
 2.001e+01 -1.472e+03 -1.728e+03 -1.280e+03 -8.480e+02 -7.200e+02
 2.008e+01 -1.472e+03 -1.728e+03 -1.280e+03 -8.480e+02 -7.360e+02
 2.015e+01 -1.472e+03 -1.728e+03 -1.280e+03 -8.480e+02 -7.840e+02
 2.022e+01 -1.472e+03 -1.728e+03 -1.280e+03 -8.480e+02 -8.000e+02
 2.028e+01 -1.472e+03 -1.728e+03 -1.280e+03 -8.480e+02 -8.000e+02
 2.035e+01 -1.472e+03 -1.728e+03 -1.280e+03 -8.320e+02 -8.000e+02
 2.042e+01 -1.472e+03 -1.728e+03 -1.280e+03 -8.480e+02 -8.320e+02
 2.048e+01 -1.472e+03 -1.728e+03 -1.280e+03 -8.480e+02 -8.000e+02
 2.055e+01 -1.472e+03 -1.728e+03 -1.280e+03 -8.480e+02 -8.160e+02
 2.062e+01 -1.472e+03 -1.728e+03 -1.280e+03 -8.480e+02 -8.320e+02
 2.069e+01 -1.472e+03 -1.728e+03 -1.408e+03 -1.344e+03 -7.840e+02
 2.076e+01 -1.472e+03 -1.728e+03 -1.408e+03 -1.344e+03 -7.840e+02
 2.083e+01 -1.472e+03 -1.728e+03 -1.408e+03 -1.344e+03 -7.840e+02
 2.089e+01 -1.472e+03 -1.728e+03 -1.408e+03 -1.344e+03 -7.840e+02
 2.096e+01 -1.472e+03 -1.728e+03 -1.408e+03 -1.344e+03 -7.680e+02
 2.103e+01 -1.472e+03 -1.728e+03 -1.408e+03 -1.344e+03 -8.160e+02
 2.110e+01 -1.472e+03 -1.728e+03 -1.408e+03 -1.344e+03 -8.160e+02
 2.117e+01 -9.999e+00 -9.999e+00 -1.408e+03 -1.344e+03 -8.000e+02
