-40.695     0.99914     1.06750     1.17460     0.68388   
-40.659     0.99949     1.06800     1.17480     0.68445   
-40.587     1.00020     1.06910     1.17520     0.68558   
-40.480     1.00130     1.07060     1.17580     0.68727   
-40.338     1.00260     1.07260     1.17660     0.68949   
-40.162     1.00430     1.07510     1.17760     0.69221   
-39.954     1.00630     1.07800     1.17870     0.69540   
-39.713     1.00850     1.08130     1.18000     0.69904   
-39.576     1.00970     1.08320     1.18070     0.70109   
-39.484     1.01050     1.08450     1.18120     0.70247   
-39.289     1.01220     1.08710     1.18210     0.70534   
-39.081     1.01400     1.08990     1.18320     0.70837   
-38.860     1.01580     1.09290     1.18420     0.71155   
-38.627     1.01760     1.09600     1.18530     0.71486   
-38.381     1.01950     1.09930     1.18640     0.71829   
-38.123     1.02150     1.10260     1.18750     0.72183   
-37.853     1.02340     1.10610     1.18870     0.72548   
-37.572     1.02530     1.10970     1.18980     0.72921   
-37.280     1.02720     1.11350     1.19090     0.73301   
-37.122     1.02820     1.11540     1.19150     0.73504   
-36.968     1.02920     1.11740     1.19210     0.73699   
-36.654     1.03100     1.12130     1.19320     0.74092   
-36.329     1.03290     1.12530     1.19420     0.74490   
-35.995     1.03470     1.12930     1.19530     0.74892   
-35.650     1.03640     1.13350     1.19630     0.75298   
-35.296     1.03810     1.13770     1.19730     0.75707   
-34.932     1.03970     1.14200     1.19820     0.76118   
-34.560     1.04130     1.14630     1.19920     0.76531   
-34.178     1.04280     1.15070     1.20000     0.76946   
-33.789     1.04430     1.15520     1.20090     0.77363   
-33.178     1.04640     1.16220     1.20210     0.78004   
-33.380     1.04570     1.15990     1.20170     0.77794   
-32.974     1.04710     1.16450     1.20240     0.78216   
-32.560     1.04840     1.16910     1.20310     0.78640   
-32.139     1.04970     1.17380     1.20380     0.79068   
-31.710     1.05090     1.17860     1.20450     0.79500   
-31.274     1.05220     1.18340     1.20510     0.79936   
-30.832     1.05350     1.18830     1.20570     0.80378   
-30.383     1.05470     1.19320     1.20630     0.80827   
-29.928     1.05600     1.19820     1.20690     0.81282   
-29.467     1.05740     1.20330     1.20750     0.81746   
-29.222     1.05810     1.20600     1.20780     0.81993   
-28.988     1.05880     1.20860     1.20810     0.82231   
-28.515     1.06030     1.21380     1.20870     0.82715   
-28.037     1.06180     1.21900     1.20930     0.83209   
-27.554     1.06350     1.22440     1.21000     0.83716   
-27.066     1.06530     1.22980     1.21060     0.84236   
-26.573     1.06720     1.23520     1.21130     0.84770   
-26.075     1.06920     1.24070     1.21200     0.85319   
-25.574     1.07140     1.24630     1.21280     0.85882   
-25.068     1.07370     1.25190     1.21360     0.86462   
-24.558     1.07620     1.25750     1.21440     0.87059   
-24.286     1.07760     1.26050     1.21490     0.87382   
-24.031     1.07900     1.26330     1.21530     0.87687   
-23.514     1.08180     1.26900     1.21620     0.88317   
-22.993     1.08490     1.27480     1.21720     0.88964   
-22.469     1.08810     1.28050     1.21820     0.89627   
-21.943     1.09150     1.28620     1.21920     0.90307   
-21.413     1.09510     1.29180     1.22030     0.91002   
-20.880     1.09890     1.29750     1.22140     0.91712   
-20.345     1.10280     1.30310     1.22250     0.92436   
-19.807     1.10690     1.30860     1.22370     0.93173   
-19.267     1.11110     1.31400     1.22480     0.93923   
-18.709     1.11560     1.31950     1.22600     0.94705   
-18.711     1.11560     1.31940     1.22600     0.94702   
-18.167     1.12010     1.32460     1.22720     0.95471   
-17.621     1.12470     1.32970     1.22830     0.96248   
-17.073     1.12930     1.33460     1.22940     0.97030   
-16.524     1.13410     1.33930     1.23040     0.97816   
-15.973     1.13890     1.34370     1.23140     0.98604   
-15.421     1.14370     1.34800     1.23240     0.99391   
-14.867     1.14850     1.35200     1.23320     1.00180   
-14.312     1.15330     1.35580     1.23400     1.00960   
-13.756     1.15810     1.35920     1.23470     1.01730   
-13.462     1.16060     1.36090     1.23500     1.02140   
-13.185     1.16290     1.36250     1.23520     1.02510   
-12.627     1.16750     1.36530     1.23570     1.03270   
-12.069     1.17200     1.36770     1.23590     1.04000   
-11.509     1.17630     1.36980     1.23610     1.04730   
-10.949     1.18050     1.37160     1.23600     1.05430   
-10.389     1.18440     1.37290     1.23580     1.06110   
 -9.828     1.18820     1.37380     1.23540     1.06770   
 -9.266     1.19170     1.37430     1.23470     1.07400   
 -8.704     1.19500     1.37430     1.23390     1.08010   
 -8.143     1.19790     1.37380     1.23280     1.08590   
 -7.845     1.19940     1.37340     1.23220     1.08880   
 -7.564     1.20070     1.37290     1.23150     1.09150   
 -7.003     1.20300     1.37150     1.23000     1.09660   
 -6.441     1.20490     1.36970     1.22820     1.10130   
 -5.878     1.20660     1.36730     1.22610     1.10570   
 -5.316     1.20780     1.36440     1.22380     1.10970   
 -4.753     1.20860     1.36110     1.22120     1.11330   
 -4.191     1.20910     1.35720     1.21840     1.11650   
 -3.628     1.20910     1.35280     1.21530     1.11930   
 -3.066     1.20870     1.34800     1.21190     1.12170   
 -2.504     1.20780     1.34260     1.20820     1.12370   
 -2.208     1.20720     1.33960     1.20620     1.12450   
 -1.928     1.20650     1.33660     1.20420     1.12520   
 -1.367     1.20470     1.33020     1.19990     1.12620   
 -0.805     1.20250     1.32330     1.19540     1.12680   
 -0.245     1.19990     1.31600     1.19070     1.12700   
  0.316     1.19680     1.30810     1.18560     1.12670   
  0.876     1.19320     1.29990     1.18030     1.12590   
  1.436     1.18930     1.29110     1.17480     1.12480   
  1.995     1.18480     1.28200     1.16900     1.12310   
  2.554     1.17990     1.27240     1.16300     1.12110   
  3.113     1.17460     1.26240     1.15670     1.11860   
  3.407     1.17170     1.25700     1.15330     1.11710   
  3.686     1.16880     1.25170     1.15000     1.11560   
  4.243     1.16270     1.24100     1.14330     1.11230   
  4.801     1.15610     1.22990     1.13640     1.10860   
  5.358     1.14930     1.21840     1.12940     1.10450   
  5.914     1.14200     1.20670     1.12210     1.10010   
  6.470     1.13440     1.19460     1.11470     1.09530   
  7.026     1.12650     1.18230     1.10710     1.09020   
  7.581     1.11820     1.16970     1.09940     1.08470   
  8.135     1.10970     1.15690     1.09160     1.07890   
  8.690     1.10090     1.14390     1.08360     1.07290   
  8.981     1.09610     1.13700     1.07940     1.06960   
  9.258     1.09160     1.13040     1.07540     1.06640   
  9.811     1.08230     1.11700     1.06730     1.05980   
 10.364     1.07280     1.10360     1.05910     1.05300   
 10.916     1.06310     1.09000     1.05090     1.04600   
 11.468     1.05320     1.07630     1.04270     1.03880   
 12.020     1.04330     1.06260     1.03450     1.03150   
 12.571     1.03310     1.04880     1.02620     1.02400   
 13.122     1.02290     1.03500     1.01800     1.01640   
 13.672     1.01270     1.02120     1.00980     1.00860   
 14.222     1.00230     1.00750     1.00170     1.00080   
 14.511     0.99691     1.00030     0.99742     0.99668   
 14.786     0.99173     0.99342     0.99339     0.99273   
 15.335     0.98138     0.97980     0.98539     0.98481   
 15.884     0.97106     0.96629     0.97749     0.97688   
 16.432     0.96077     0.95289     0.96969     0.96894   
 16.981     0.95055     0.93964     0.96202     0.96103   
 17.528     0.94042     0.92655     0.95448     0.95315   
 18.076     0.93039     0.91364     0.94709     0.94534   
 18.623     0.92049     0.90093     0.93985     0.93760   
 19.170     0.91074     0.88843     0.93279     0.92995   
 19.716     0.90114     0.87617     0.92591     0.92242   
 20.003     0.89618     0.86984     0.92237     0.91851   
 20.277     0.89149     0.86386     0.91905     0.91482   
 20.823     0.88227     0.85212     0.91256     0.90756   
 21.368     0.87327     0.84066     0.90628     0.90045   
 21.914     0.86450     0.82949     0.90022     0.89352   
 22.459     0.85596     0.81862     0.89439     0.88677   
 23.004     0.84768     0.80807     0.88878     0.88021   
 23.548     0.83965     0.79784     0.88341     0.87385   
 24.093     0.83190     0.78794     0.87829     0.86771   
 24.637     0.82442     0.77839     0.87340     0.86180   
 25.181     0.81724     0.76918     0.86876     0.85611   
 25.466     0.81358     0.76449     0.86643     0.85322   
 25.739     0.81017     0.76009     0.86426     0.85051   
 26.282     0.80357     0.75159     0.86012     0.84530   
 26.825     0.79728     0.74345     0.85624     0.84033   
 27.368     0.79128     0.73567     0.85260     0.83561   
 27.911     0.78559     0.72824     0.84921     0.83114   
 28.453     0.78020     0.72117     0.84606     0.82690   
 28.996     0.77510     0.71445     0.84315     0.82292   
 29.538     0.77029     0.70809     0.84047     0.81917   
 30.080     0.76578     0.70206     0.83803     0.81567   
 30.621     0.76154     0.69638     0.83581     0.81240   
 30.905     0.75943     0.69354     0.83473     0.81078   
 31.177     0.75748     0.69090     0.83375     0.80928   
 31.718     0.75379     0.68589     0.83196     0.80646   
 32.259     0.75035     0.68119     0.83036     0.80385   
 32.799     0.74715     0.67679     0.82896     0.80145   
 33.340     0.74419     0.67269     0.82773     0.79924   
 33.880     0.74144     0.66887     0.82667     0.79721   
 34.420     0.73889     0.66532     0.82577     0.79535   
 34.959     0.73654     0.66203     0.82501     0.79365   
 35.499     0.73435     0.65898     0.82439     0.79209   
 36.038     0.73232     0.65616     0.82388     0.79067   
 36.319     0.73131     0.65477     0.82366     0.78997   
 36.591     0.73038     0.65348     0.82348     0.78932   
 37.129     0.72860     0.65107     0.82317     0.78811   
 37.667     0.72693     0.64883     0.82294     0.78698   
 38.205     0.72534     0.64676     0.82278     0.78592   
 38.743     0.72382     0.64484     0.82266     0.78492   
 39.280     0.72233     0.64304     0.82259     0.78394   
 39.817     0.72088     0.64135     0.82253     0.78299   
 40.353     0.71943     0.63976     0.82247     0.78203   
 40.889     0.71796     0.63824     0.82241     0.78106   
 41.425     0.71646     0.63678     0.82233     0.78006   
 41.704     0.71566     0.63604     0.82227     0.77952   
 41.974     0.71488     0.63533     0.82221     0.77899   
 42.509     0.71326     0.63394     0.82204     0.77788   
 43.043     0.71156     0.63256     0.82181     0.77669   
 43.578     0.70976     0.63117     0.82150     0.77540   
 44.111     0.70784     0.62976     0.82111     0.77402   
 44.644     0.70579     0.62831     0.82063     0.77251   
 45.177     0.70359     0.62681     0.82003     0.77087   
 45.709     0.70124     0.62525     0.81932     0.76908   
 46.241     0.69872     0.62362     0.81849     0.76715   
 46.772     0.69602     0.62190     0.81752     0.76505   
 47.048     0.69454     0.62097     0.81696     0.76389   
 47.316     0.69306     0.62004     0.81638     0.76272   
 47.846     0.68998     0.61811     0.81513     0.76027   
 48.376     0.68670     0.61608     0.81372     0.75764   
 48.905     0.68321     0.61392     0.81216     0.75482   
 49.433     0.67952     0.61164     0.81044     0.75181   
 49.961     0.67563     0.60923     0.80857     0.74862   
 50.488     0.67153     0.60669     0.80654     0.74523   
 51.014     0.66724     0.60401     0.80436     0.74166   
 51.540     0.66275     0.60120     0.80202     0.73791   
 52.065     0.65807     0.59825     0.79953     0.73398   
 52.338     0.65556     0.59666     0.79818     0.73186   
 52.604     0.65308     0.59508     0.79683     0.72977   
 53.127     0.64805     0.59187     0.79405     0.72550   
 53.651     0.64286     0.58852     0.79115     0.72107   
 54.173     0.63752     0.58506     0.78812     0.71651   
 54.695     0.63206     0.58147     0.78497     0.71181   
 55.216     0.62649     0.57778     0.78173     0.70701   
 55.737     0.62082     0.57399     0.77839     0.70210   
 56.256     0.61508     0.57010     0.77498     0.69710   
 56.775     0.60928     0.56613     0.77150     0.69204   
 57.294     0.60345     0.56208     0.76797     0.68693   
 57.563     0.60041     0.55995     0.76612     0.68427   
 57.825     0.59745     0.55786     0.76431     0.68166   
 58.341     0.59162     0.55369     0.76072     0.67652   
 58.858     0.58583     0.54948     0.75712     0.67138   
 59.373     0.58009     0.54523     0.75354     0.66627   
 59.888     0.57444     0.54095     0.74998     0.66122   
 60.401     0.56888     0.53666     0.74647     0.65624   
 60.915     0.56346     0.53235     0.74301     0.65135   
 61.427     0.55818     0.52805     0.73962     0.64658   
 61.939     0.55307     0.52374     0.73632     0.64193   
 62.449     0.54815     0.51943     0.73313     0.63743   
 62.721     0.54561     0.51715     0.73147     0.63511   
 62.973     0.54331     0.51503     0.72997     0.63298   
 63.482     0.53881     0.51074     0.72701     0.62883   
 63.991     0.53454     0.50645     0.72419     0.62486   
 64.499     0.53050     0.50215     0.72151     0.62109   
 65.006     0.52670     0.49784     0.71898     0.61753   
 65.513     0.52314     0.49351     0.71660     0.61417   
 66.018     0.51982     0.48912     0.71438     0.61101   
 66.524     0.51672     0.48467     0.71230     0.60805   
 67.028     0.51382     0.48012     0.71036     0.60528   
 67.532     0.51111     0.47543     0.70856     0.60269   
 67.799     0.50974     0.47288     0.70765     0.60138   
 68.050     0.50848     0.47042     0.70682     0.60017   
 68.552     0.50604     0.46534     0.70524     0.59786   
 69.054     0.50368     0.45999     0.70372     0.59562   
 69.555     0.50132     0.45430     0.70225     0.59344   
 70.055     0.49891     0.44820     0.70079     0.59124   
 70.555     0.49637     0.44162     0.69929     0.58898   
 71.054     0.49361     0.43446     0.69770     0.58658   
 71.552     0.49052     0.42662     0.69598     0.58397   
 72.050     0.48700     0.41800     0.69404     0.58104   
 72.547     0.48291     0.40847     0.69181     0.57770   
 72.808     0.48049     0.40305     0.69050     0.57574   
 73.056     0.47799     0.39761     0.68915     0.57372   
 73.552     0.47229     0.38581     0.68609     0.56917   
 74.047     0.46554     0.37264     0.68245     0.56382   
 74.541     0.45753     0.35792     0.67813     0.55749   
 75.035     0.44805     0.34147     0.67300     0.55002   
 75.528     0.43686     0.32307     0.66691     0.54120   
 76.021     0.42370     0.30249     0.65971     0.53084   
 76.513     0.40828     0.27948     0.65124     0.51869   
 77.004     0.39030     0.25378     0.64131     0.50450   
 77.494     0.36943     0.22509     0.62972     0.48800   
 77.751     0.35719     0.20873     0.62290     0.47832   
 77.996     0.34465     0.19227     0.61589     0.46838   
 78.485     0.31679     0.15657     0.60027     0.44628   
 78.973     0.28486     0.11689     0.58229     0.42091   
 79.460     0.24841     0.07285     0.56169     0.39189   
 79.946     0.20699     0.02404     0.53818     0.35884   
                                                          
-47.059     1.42820                                       
-47.028     1.42850                                       
-46.953     1.42920                                       
-46.835     1.43040                                       
-46.675     1.43200                                       
-46.475     1.43400                                       
-46.236     1.43640                                       
-45.961     1.43920                                       
-45.649     1.44230                                       
-45.303     1.44580                                       
-45.111     1.44770                                       
-44.983     1.44900                                       
-44.716     1.45000                                       
-44.435     1.45450                                       
-44.142     1.45740                                       
-43.835     1.46040                                       
-43.517     1.46340                                       
-43.186     1.46650                                       
-42.844     1.46970                                       
-42.490     1.47290                                       
-42.126     1.47620                                       
-41.931     1.47790                                       
-41.742     1.47950                                       
-41.358     1.48280                                       
-40.964     1.48610                                       
-40.561     1.48930                                       
-40.149     1.49250                                       
-39.729     1.49570                                       
-39.300     1.49890                                       
-38.864     1.50210                                       
-38.421     1.50520                                       
-37.971     1.50830                                       
-37.271     1.51300                                       
-37.502     1.51140                                       
-37.038     1.51450                                       
-36.569     1.51750                                       
-36.094     1.52050                                       
-35.613     1.52350                                       
-35.127     1.52650                                       
-34.636     1.52950                                       
-34.141     1.53260                                       
-33.642     1.53560                                       
-33.138     1.53870                                       
-32.872     1.54030                                       
-32.617     1.54190                                       
-32.107     1.54500                                       
-31.592     1.54820                                       
-31.075     1.55140                                       
-30.555     1.55470                                       
-30.032     1.55800                                       
-29.507     1.56140                                       
-28.979     1.56480                                       
-28.450     1.56820                                       
-27.918     1.57170                                       
-27.636     1.57350                                       
-27.372     1.57530                                       
-26.837     1.57880                                       
-26.301     1.58230                                       
-25.764     1.58580                                       
-25.226     1.58930                                       
-24.687     1.59270                                       
-24.147     1.59610                                       
-23.607     1.59940                                       
-23.066     1.60270                                       
-22.524     1.60580                                       
-21.966     1.60890                                       
-21.968     1.60890                                       
-21.427     1.61170                                       
-20.885     1.61440                                       
-20.342     1.61690                                       
-19.800     1.61920                                       
-19.259     1.62120                                       
-18.717     1.62300                                       
-18.175     1.62460                                       
-17.634     1.62580                                       
-17.094     1.62670                                       
-16.808     1.62710                                       
-16.539     1.62730                                       
-16.000     1.62760                                       
-15.460     1.62740                                       
-14.922     1.62690                                       
-14.383     1.62600                                       
-13.846     1.62460                                       
-13.309     1.62280                                       
-12.773     1.62060                                       
-12.237     1.61790                                       
-11.702     1.61480                                       
-11.420     1.61300                                       
-11.153     1.61110                                       
-10.620     1.60700                                       
-10.088     1.60240                                       
 -9.555     1.59730                                       
 -9.024     1.59170                                       
 -8.493     1.58560                                       
 -7.963     1.57910                                       
 -7.433     1.57200                                       
 -6.904     1.56440                                       
 -6.376     1.55640                                       
 -6.097     1.55190                                       
 -5.834     1.54760                                       
 -5.307     1.53860                                       
 -4.781     1.52900                                       
 -4.255     1.51910                                       
 -3.729     1.50860                                       
 -3.204     1.49780                                       
 -2.679     1.48650                                       
 -2.155     1.47470                                       
 -1.631     1.46260                                       
 -1.107     1.45010                                       
 -0.832     1.44330                                       
 -0.571     1.43690                                       
 -0.048     1.42360                                       
  0.475     1.41000                                       
  0.997     1.39620                                       
  1.520     1.38200                                       
  2.042     1.36750                                       
  2.563     1.35280                                       
  3.085     1.33780                                       
  3.607     1.32270                                       
  4.129     1.30730                                       
  4.404     1.29920                                       
  4.664     1.29140                                       
  5.186     1.27580                                       
  5.708     1.26010                                       
  6.230     1.24420                                       
  6.752     1.22830                                       
  7.274     1.21240                                       
  7.797     1.19650                                       
  8.319     1.18060                                       
  8.842     1.16470                                       
  9.365     1.14890                                       
  9.640     1.14070                                       
  9.902     1.13290                                       
 10.426     1.11730                                       
 10.950     1.10190                                       
 11.475     1.08660                                       
 12.000     1.07160                                       
 12.525     1.05680                                       
 13.051     1.04230                                       
 13.577     1.02800                                       
 14.103     1.01400                                       
 14.630     1.00030                                       
 14.907     0.99329                                       
 15.171     0.98666                                       
 15.699     0.97370                                       
 16.228     0.96113                                       
 16.757     0.94895                                       
 17.286     0.93719                                       
 17.816     0.92586                                       
 18.347     0.91497                                       
 18.878     0.90455                                       
 19.409     0.89460                                       
 19.941     0.88512                                       
 20.220     0.88035                                       
 20.488     0.87592                                       
 21.021     0.86744                                       
 21.554     0.85948                                       
 22.088     0.85202                                       
 22.623     0.84506                                       
 23.158     0.83862                                       
 23.693     0.83269                                       
 24.229     0.82726                                       
 24.766     0.82233                                       
 25.303     0.81790                                       
 25.584     0.81577                                       
 25.854     0.81386                                       
 26.391     0.81039                                       
 26.929     0.80739                                       
 27.468     0.80484                                       
 28.007     0.80272                                       
 28.546     0.80101                                       
 29.085     0.79970                                       
 29.625     0.79876                                       
 30.165     0.79818                                       
 30.705     0.79793                                       
 30.987     0.79792                                       
 31.259     0.79798                                       
 31.800     0.79832                                       
 32.340     0.79890                                       
 32.881     0.79971                                       
 33.422     0.80071                                       
 33.963     0.80187                                       
 34.505     0.80317                                       
 35.046     0.80456                                       
 35.587     0.80603                                       
 36.128     0.80753                                       
 36.410     0.80832                                       
 36.683     0.80908                                       
 37.224     0.81057                                       
 37.765     0.81199                                       
 38.306     0.81333                                       
 38.846     0.81455                                       
 39.387     0.81563                                       
 39.927     0.81653                                       
 40.467     0.81722                                       
 41.007     0.81769                                       
 41.546     0.81790                                       
 41.827     0.81791                                       
 42.099     0.81783                                       
 42.638     0.81746                                       
 43.177     0.81678                                       
 43.715     0.81575                                       
 44.252     0.81438                                       
 44.789     0.81263                                       
 45.326     0.81052                                       
 45.863     0.80802                                       
 46.398     0.80513                                       
 46.934     0.80185                                       
 47.212     0.79999                                       
 47.482     0.79807                                       
 48.017     0.79400                                       
 48.550     0.78953                                       
 49.084     0.78469                                       
 49.616     0.77947                                       
 50.148     0.77390                                       
 50.680     0.76799                                       
 51.211     0.76176                                       
 51.741     0.75522                                       
 52.271     0.74841                                       
 52.546     0.74477                                       
 52.814     0.74115                                       
 53.342     0.73386                                       
 53.870     0.72636                                       
 54.397     0.71871                                       
 54.924     0.71092                                       
 55.450     0.70304                                       
 55.976     0.69510                                       
 56.501     0.68715                                       
 57.025     0.67921                                       
 57.549     0.67132                                       
 57.827     0.66717                                       
 58.086     0.66334                                       
 58.609     0.65569                                       
 59.131     0.64821                                       
 59.653     0.64094                                       
 60.174     0.63392                                       
 60.695     0.62718                                       
 61.215     0.62074                                       
 61.735     0.61464                                       
 62.254     0.60891                                       
 62.774     0.60355                                       
 63.049     0.60087                                       
 63.308     0.59844                                       
 63.827     0.59390                                       
 64.345     0.58976                                       
 64.862     0.58603                                       
 65.380     0.58269                                       
 65.897     0.57971                                       
 66.414     0.57707                                       
 66.931     0.57472                                       
 67.448     0.57261                                       
 67.964     0.57067                                       
 68.235     0.56969                                       
 68.494     0.56877                                       
 69.010     0.56689                                       
 69.526     0.56488                                       
 70.042     0.56259                                       
 70.559     0.55987                                       
 71.075     0.55654                                       
 71.591     0.55239                                       
 72.107     0.54720                                       
 72.623     0.54070                                       
 73.140     0.53261                                       
 73.411     0.52761                                       
 73.669     0.52232                                       
 74.186     0.50998                                       
 74.702     0.49498                                       
 75.219     0.47686                                       
 75.736     0.45517                                       
 76.253     0.42938                                       
 76.770     0.39893                                       
 77.287     0.36320                                       
 77.804     0.32153                                       
 78.321     0.27318                                       
 78.593     0.24487                                       
 78.852     0.21589                                       
 79.369     0.15160                                       
 79.886     0.07808                                       
