 3.981e-01  7.670e-04  5.741e-04  2.707e-04  4.329e-04 -1.456e-04
 4.058e-01  4.192e-04  2.653e-04  1.366e-04  2.105e-04 -2.049e-04
 4.136e-01  8.177e-05  1.133e-05  4.071e-05  5.518e-05  1.560e-04
 4.214e-01  6.131e-05 -1.132e-06  3.613e-05  4.864e-05  1.628e-04
 4.292e-01  9.192e-05  2.037e-05  2.698e-05  3.555e-05  6.915e-05
 4.370e-01  1.021e-04  1.583e-05 -3.798e-07  4.086e-07  5.356e-06
 4.449e-01  5.102e-05  2.259e-06 -7.591e-07  0.000e+00  3.916e-06
 4.527e-01  3.060e-05 -2.256e-06 -7.586e-07 -4.085e-07  3.505e-06
 4.606e-01  4.078e-05  0.000e+00 -1.895e-06 -1.225e-06  3.712e-06
 4.685e-01  3.056e-05 -4.502e-06 -1.515e-06 -1.225e-06  3.196e-06
 4.780e-01  2.036e-05 -4.496e-06 -1.891e-06 -1.633e-06  2.782e-06
 4.886e-01  2.034e-05 -6.731e-06 -3.022e-06 -1.225e-06  2.676e-06
 4.992e-01 -1.016e-05 -1.456e-05 -3.018e-06 -1.633e-06  1.336e-06
 5.098e-01 -1.777e-05 -1.453e-05 -2.260e-06 -1.633e-06  9.229e-07
 5.204e-01 -1.522e-05 -1.561e-05 -1.881e-06 -1.633e-06  1.023e-06
 5.311e-01  1.014e-05 -1.002e-05 -1.502e-06 -1.225e-06  2.142e-06
 5.417e-01 -1.013e-05 -1.444e-05 -2.250e-06 -1.633e-06  1.221e-06
 5.525e-01  0.000e+00 -1.330e-05 -1.872e-06 -1.225e-06  1.419e-06
 5.632e-01  3.034e-05 -8.845e-06 -1.122e-06 -4.083e-07  2.323e-06
 5.740e-01  2.021e-05 -8.825e-06 -1.120e-06  0.000e+00  1.509e-06
 5.865e-01  2.019e-05 -7.702e-06 -1.118e-06 -8.173e-07  1.301e-06
 6.001e-01  1.009e-05 -5.486e-06 -7.435e-07 -4.089e-07  6.967e-07
 6.137e-01  0.000e+00 -2.189e-06 -7.420e-07  0.000e+00  1.979e-07
 6.273e-01  0.000e+00  0.000e+00  0.000e+00  0.000e+00  0.000e+00
 6.410e-01  2.015e-05  4.354e-06  0.000e+00  4.102e-07  1.954e-07
 6.547e-01  2.014e-05  5.429e-06  7.377e-07 -4.108e-07  9.708e-08
 6.685e-01  3.021e-05  1.083e-05  7.363e-07  8.229e-07  0.000e+00
 6.824e-01  4.028e-05  1.081e-05  1.102e-06  1.237e-06  9.582e-08
 6.963e-01  4.030e-05  1.079e-05  1.467e-06  1.653e-06  0.000e+00
 7.102e-01  5.039e-05  1.077e-05  1.099e-06  8.282e-07  0.000e+00
 7.260e-01  7.061e-05  1.504e-05  1.828e-06  2.077e-06  2.817e-07
 7.429e-01  1.010e-04  1.931e-05  1.825e-06  1.251e-06  4.659e-07
 7.598e-01  1.011e-04  1.928e-05  2.187e-06  1.256e-06  8.327e-07
 7.769e-01  1.114e-04  1.926e-05  3.276e-06  1.682e-06  1.011e-06
 7.940e-01  1.726e-04  2.779e-05  2.909e-06  1.690e-06  1.004e-06
 8.111e-01  1.526e-04  1.923e-05  2.543e-06  1.699e-06  1.270e-06
 8.284e-01  1.530e-04  1.923e-05  2.541e-06  1.708e-06  1.354e-06
 8.457e-01  1.535e-04  1.923e-05  2.902e-06  8.591e-07  1.616e-06
 8.632e-01  1.745e-04  2.352e-05  2.901e-06  8.646e-07  1.609e-06
 8.807e-01  1.854e-04  2.354e-05  3.262e-06  4.352e-07  1.959e-06
 9.003e-01  1.862e-04  2.357e-05  3.262e-06  4.386e-07  1.952e-06
 9.209e-01  1.767e-04  1.932e-05  2.900e-06  8.849e-07  1.946e-06
 9.417e-01  1.880e-04  1.506e-05  3.626e-06  0.000e+00  1.853e-06
 9.625e-01  1.994e-04  1.942e-05  3.265e-06 -9.013e-07  2.202e-06
 9.835e-01  2.426e-04  2.381e-05  3.630e-06 -1.820e-06  2.728e-06
 1.005e+00  2.227e-04  2.390e-05  2.906e-06 -2.298e-06  2.464e-06
 1.026e+00  3.946e-04  5.452e-05  5.091e-06 -2.321e-06  4.225e-06
 1.047e+00  4.611e-04  6.351e-05  5.460e-06 -3.284e-06  4.934e-06
 1.069e+00  5.067e-04  6.819e-05  5.102e-06 -4.266e-06  5.648e-06
 1.090e+00  5.528e-04  6.410e-05  5.472e-06 -4.311e-06  6.366e-06
 1.114e+00  5.559e-04  5.556e-05  4.749e-06 -4.845e-06  6.028e-06
 1.139e+00  5.153e-04  6.036e-05  5.121e-06 -6.374e-06  6.048e-06
 1.164e+00  6.982e-04  8.773e-05  6.227e-06 -6.449e-06  7.497e-06
 1.190e+00  8.861e-04  1.336e-04  5.869e-06 -8.406e-06  8.958e-06
 1.215e+00  9.763e-04  1.481e-04  8.448e-06 -7.614e-06  1.223e-05
 1.241e+00  1.021e-03  1.399e-04  9.929e-06 -8.725e-06  1.228e-05
 1.267e+00  8.865e-04  1.500e-04  6.996e-06 -9.597e-06  9.789e-06
 1.293e+00  4.264e-04  8.594e-05  2.949e-06 -9.697e-06  4.095e-06
 1.319e+00  1.908e-04  5.377e-05  2.583e-06 -1.059e-05  2.193e-06
 1.345e+00 -4.769e-05 -2.573e-05 -1.481e-06 -1.083e-05 -5.502e-07
 1.374e+00 -4.489e-05 -2.694e-05 -1.488e-06 -1.134e-05 -4.373e-07
 1.404e+00 -3.086e-05 -2.340e-05 -1.869e-06 -1.159e-05  9.244e-08
 1.434e+00 -4.208e-05 -2.683e-05 -1.503e-06 -1.143e-05 -2.320e-07
 1.465e+00 -3.928e-05 -2.555e-05 -2.268e-06 -1.029e-05 -6.985e-08
 1.496e+00 -3.367e-05 -2.081e-05 -1.901e-06 -1.150e-05  9.347e-08
 1.527e+00 -3.086e-05 -1.725e-05 -7.653e-07 -1.132e-05  3.752e-07
 1.558e+00 -4.489e-05 -1.944e-05 -1.156e-06 -1.128e-05  9.413e-08
 1.589e+00 -5.050e-05 -2.275e-05 -7.756e-07 -1.195e-05 -1.181e-07
 1.621e+00 -3.367e-05 -2.263e-05 -1.562e-06 -1.117e-05 -3.554e-07
 1.653e+00  2.693e-04 -2.253e-06  1.180e-06 -1.083e-05  1.712e-06
 1.687e+00 -1.122e-05 -1.905e-05 -3.964e-07 -1.003e-05  6.681e-07
 1.723e+00 -2.244e-05 -2.231e-05 -3.997e-07 -1.027e-05  3.832e-07
 1.759e+00 -2.525e-05 -2.110e-05  0.000e+00 -9.760e-06  2.885e-07
 1.796e+00 -1.964e-05 -2.102e-05  0.000e+00 -9.238e-06  1.931e-07
 1.833e+00 -1.403e-05 -2.095e-05  8.192e-07 -7.942e-06  2.907e-07
 1.870e+00 -1.683e-05 -1.978e-05  1.239e-06 -7.392e-06  4.863e-07
 1.907e+00 -1.403e-05 -1.972e-05  2.081e-06 -6.832e-06  3.904e-07
 1.944e+00 -1.122e-05 -1.857e-05  2.516e-06 -5.635e-06  3.917e-07
 1.982e+00 -1.122e-05 -1.744e-05  2.535e-06 -3.155e-06  2.948e-07
 2.020e+00 -1.403e-05 -1.740e-05  2.978e-06 -3.814e-06  1.971e-07
 2.062e+00 -1.683e-05 -1.736e-05  3.857e-06 -2.563e-06 -4.943e-08
 2.104e+00 -2.244e-05 -1.840e-05  3.884e-06 -1.937e-06 -2.478e-07
 2.147e+00 -1.122e-05 -1.729e-05  4.777e-06 -6.500e-07 -1.988e-07
 2.190e+00 -1.122e-05 -1.511e-05  4.805e-06  0.000e+00 -4.980e-08
 2.234e+00 -1.122e-05 -1.616e-05  3.513e-06  0.000e+00 -2.495e-08
 2.278e+00 -1.122e-05 -1.507e-05  3.971e-06  1.323e-06 -2.498e-07
 2.322e+00 -1.122e-05 -1.505e-05  4.873e-06  1.994e-06 -3.502e-07
 2.367e+00 -1.122e-05 -1.504e-05  5.334e-06  2.001e-06 -2.504e-07
 2.411e+00 -1.122e-05 -1.396e-05  5.794e-06  4.015e-06 -2.505e-07
 2.457e+00  0.000e+00 -1.288e-05  6.253e-06  5.367e-06 -2.005e-07
 2.505e+00  0.000e+00 -1.180e-05  6.262e-06  5.376e-06 -7.520e-08
 2.555e+00  0.000e+00 -1.072e-05  8.058e-06  6.726e-06  2.005e-07
 2.606e+00  1.122e-05 -9.652e-06  7.610e-06  8.744e-06  3.006e-07
 2.656e+00  1.122e-05 -9.653e-06  8.947e-06  8.737e-06  2.002e-07
 2.707e+00  1.122e-05 -8.583e-06  8.041e-06  9.393e-06  5.000e-07
 2.759e+00  2.244e-05 -6.441e-06  8.023e-06  1.004e-05  5.992e-07
 2.811e+00  2.244e-05 -6.445e-06  8.890e-06  1.067e-05  5.982e-07
 2.863e+00  2.244e-05 -5.375e-06  8.859e-06  1.130e-05  5.970e-07
 2.915e+00  2.244e-05 -4.305e-06  8.823e-06  1.323e-05  5.957e-07
 2.968e+00  2.244e-05 -4.310e-06  8.782e-06  1.250e-05  4.952e-07
 3.014e+00  3.367e-05 -3.236e-06  9.181e-06  1.244e-05  5.929e-07
 3.049e+00  3.367e-05 -4.319e-06  9.147e-06  1.239e-05  5.919e-07
 3.085e+00  3.367e-05 -2.162e-06  9.111e-06  1.299e-05  4.923e-07
 3.121e+00  3.367e-05 -3.247e-06  9.938e-06  1.228e-05  3.930e-07
 3.157e+00  4.489e-05 -2.167e-06  8.175e-06  1.351e-05  3.922e-07
 3.193e+00  3.367e-05 -2.170e-06  8.996e-06  1.281e-05  3.914e-07
 3.230e+00  2.244e-05 -2.173e-06  8.528e-06  1.338e-05  3.906e-07
 3.266e+00  3.367e-05 -2.176e-06  8.913e-06  1.332e-05  4.872e-07
 3.303e+00  4.489e-05  0.000e+00  8.447e-06  1.325e-05  6.805e-07
 3.340e+00  3.367e-05  0.000e+00  8.406e-06  1.192e-05  6.790e-07
 3.378e+00  3.367e-05 -1.094e-06  8.781e-06  1.248e-05  6.775e-07
 3.415e+00  3.367e-05  0.000e+00  8.737e-06  1.242e-05  6.760e-07
 3.452e+00  3.367e-05 -1.098e-06  8.278e-06  1.297e-05  6.745e-07
 3.490e+00  3.367e-05 -1.100e-06  7.823e-06  1.228e-05  5.769e-07
 3.527e+00  3.367e-05 -3.307e-06  7.783e-06  1.161e-05  1.919e-07
 3.565e+00  0.000e+00 -5.525e-06  7.335e-06  1.154e-05 -3.351e-07
 3.603e+00  0.000e+00 -5.538e-06  7.702e-06  1.209e-05 -4.299e-07
 3.641e+00  0.000e+00 -5.552e-06  7.259e-06  1.142e-05 -2.145e-07
 3.679e+00  1.122e-05 -3.340e-06  8.024e-06  1.255e-05  0.000e+00
 3.717e+00  1.122e-05 -4.465e-06  8.382e-06  1.130e-05  0.000e+00
 3.757e+00  1.122e-05 -4.479e-06  6.750e-06  1.183e-05 -1.658e-07
 3.795e+00  1.122e-05 -4.492e-06  7.902e-06  1.176e-05 -2.127e-07
 3.834e+00  1.122e-05 -3.380e-06  8.256e-06  1.287e-05 -2.359e-07
 3.872e+00  1.122e-05 -4.521e-06  8.216e-06  1.280e-05 -1.884e-07
 3.911e+00  1.122e-05 -4.536e-06  8.567e-06  1.273e-05 -3.290e-07
 3.950e+00  1.122e-05 -5.690e-06  8.140e-06  1.208e-05 -4.456e-07
 3.990e+00  1.122e-05 -5.710e-06  8.103e-06  1.316e-05 -4.447e-07
 4.029e+00  1.122e-05 -6.876e-06  8.068e-06  1.195e-05 -3.738e-07
 4.068e+00  1.122e-05 -6.900e-06  8.416e-06  1.245e-05 -4.663e-07
 4.108e+00  1.122e-05 -8.078e-06  7.619e-06  1.238e-05 -4.653e-07
 4.148e+00  0.000e+00 -9.264e-06  7.588e-06  1.175e-05 -5.572e-07
 4.188e+00  0.000e+00 -1.045e-05  7.559e-06  1.168e-05 -6.025e-07
 4.228e+00  0.000e+00 -1.165e-05  7.532e-06  1.106e-05 -6.243e-07
 4.268e+00  0.000e+00 -1.284e-05  7.130e-06  1.099e-05 -6.230e-07
 4.308e+00 -1.122e-05 -1.170e-05  7.106e-06  1.038e-05 -6.448e-07
 4.349e+00  0.000e+00 -1.171e-05  7.083e-06  1.031e-05 -6.664e-07
 4.389e+00  0.000e+00 -1.288e-05  7.062e-06  9.705e-06 -7.108e-07
 4.430e+00 -1.122e-05 -1.404e-05  6.671e-06  9.641e-06 -7.550e-07
 4.470e+00 -1.122e-05 -1.401e-05  6.283e-06  9.044e-06 -7.077e-07
 4.511e+00 -1.122e-05 -1.401e-05  7.009e-06  8.982e-06 -6.150e-07
 4.553e+00  0.000e+00 -1.394e-05  7.004e-06  9.443e-06 -6.591e-07
 4.594e+00 -1.122e-05 -1.272e-05  6.630e-06  8.854e-06 -6.576e-07
 4.635e+00  0.000e+00 -1.267e-05  6.625e-06  7.756e-06 -6.335e-07
 4.676e+00 -1.122e-05 -1.376e-05  6.620e-06  8.725e-06 -6.095e-07
 4.718e+00 -1.122e-05 -1.370e-05  6.247e-06  8.150e-06 -5.632e-07
 4.759e+00 -1.122e-05 -1.591e-05  4.773e-06  6.066e-06 -5.170e-07
 4.801e+00 -1.122e-05 -1.584e-05  5.135e-06  6.019e-06 -5.607e-07
 4.842e+00 -1.402e-05 -1.577e-05  4.764e-06  4.976e-06 -5.148e-07
 4.884e+00 -1.100e-05 -1.683e-05  5.858e-06  6.912e-06 -5.808e-07
 4.926e+00 -1.096e-05 -1.564e-05  5.852e-06  6.367e-06 -6.465e-07
 4.969e+00 -1.364e-05 -1.558e-05  5.847e-06  6.315e-06 -6.453e-07
 5.011e+00 -1.631e-05 -1.773e-05  4.381e-06  4.818e-06 -6.219e-07
 5.053e+00 -1.895e-05 -1.877e-05  4.012e-06  4.301e-06 -5.987e-07
 5.096e+00 -1.617e-05 -1.980e-05  3.644e-06  4.267e-06 -5.535e-07
 5.138e+00 -2.684e-05 -1.973e-05  4.005e-06  3.762e-06 -5.527e-07
 5.181e+00 -2.940e-05 -2.076e-05  4.366e-06  3.266e-06 -5.079e-07
 5.223e+00 -2.395e-05 -1.960e-05  3.635e-06  2.777e-06 -4.191e-07
 5.266e+00 -3.180e-05 -2.172e-05  2.906e-06  2.755e-06 -4.628e-07
 5.309e+00 -2.639e-05 -2.166e-05  2.541e-06  2.278e-06 -4.844e-07
 5.352e+00 -2.891e-05 -2.160e-05  2.177e-06  3.165e-06 -4.622e-07
 5.396e+00 -3.403e-05 -2.263e-05  2.539e-06  1.795e-06 -4.400e-07
 5.439e+00 -3.389e-05 -2.258e-05  1.450e-06  8.909e-07 -4.399e-07
 5.483e+00 -3.896e-05 -2.469e-05  1.812e-06  8.846e-07 -4.180e-07
 5.526e+00 -4.140e-05 -2.572e-05  1.087e-06  4.392e-07 -4.401e-07
 5.569e+00 -3.868e-05 -2.676e-05  7.249e-07  0.000e+00 -3.743e-07
 5.613e+00 -4.112e-05 -2.673e-05  3.625e-07 -8.670e-07 -3.746e-07
 5.657e+00 -4.099e-05 -2.778e-05  1.813e-06  4.308e-07 -4.191e-07
 5.700e+00 -4.598e-05 -2.884e-05  1.088e-06  0.000e+00 -4.418e-07
 5.744e+00 -4.585e-05 -2.884e-05  7.262e-07 -4.259e-07 -5.532e-07
 5.788e+00 -5.082e-05 -2.885e-05  0.000e+00 -1.271e-06 -5.986e-07
 5.834e+00 -5.578e-05 -3.101e-05  3.638e-07 -1.264e-06 -6.444e-07
 5.878e+00 -5.314e-05 -3.211e-05 -3.642e-07 -1.678e-06 -4.678e-07
 5.922e+00 -5.810e-05 -3.323e-05 -1.094e-06 -2.506e-06 -6.256e-07
 5.966e+00 -5.803e-05 -3.436e-05 -1.462e-06 -2.496e-06 -6.051e-07
 6.011e+00 -6.301e-05 -3.443e-05 -2.196e-06 -3.731e-06 -7.197e-07
 6.056e+00 -6.296e-05 -3.667e-05 -2.568e-06 -3.719e-06 -6.547e-07
 6.100e+00 -6.798e-05 -3.678e-05 -2.574e-06 -4.120e-06 -7.708e-07
 6.145e+00 -7.049e-05 -3.798e-05 -3.686e-06 -4.931e-06 -7.515e-07
 6.190e+00 -7.555e-05 -4.029e-05 -3.697e-06 -5.331e-06 -8.009e-07
 6.235e+00 -7.813e-05 -4.155e-05 -4.079e-06 -6.038e-06 -7.821e-07
 6.281e+00 -8.074e-05 -4.174e-05 -4.837e-06 -6.030e-06 -7.402e-07
 6.326e+00 -8.338e-05 -4.359e-05 -5.227e-06 -6.841e-06 -8.609e-07
 6.372e+00 -8.353e-05 -4.437e-05 -5.996e-06 -7.348e-06 -9.365e-07
 6.417e+00 -9.386e-05 -4.518e-05 -6.773e-06 -8.265e-06 -8.013e-07
 6.463e+00 -9.156e-05 -4.657e-05 -7.179e-06 -7.961e-06 -9.492e-07
 6.508e+00 -1.020e-04 -4.828e-05 -7.971e-06 -9.499e-06 -9.322e-07
 6.554e+00 -1.024e-04 -5.060e-05 -8.771e-06 -1.033e-05 -9.875e-07
 6.600e+00 -1.105e-04 -5.182e-05 -8.814e-06 -1.096e-05 -1.238e-06
 6.646e+00 -1.135e-04 -5.451e-05 -9.823e-06 -1.159e-05 -1.322e-06
 6.692e+00 -1.192e-04 -5.640e-05 -1.133e-05 -1.254e-05 -1.345e-06
 6.739e+00 -1.224e-04 -5.688e-05 -1.120e-05 -1.299e-05 -1.395e-06
 6.785e+00 -1.309e-04 -5.944e-05 -1.273e-05 -1.458e-05 -1.459e-06
 6.831e+00 -1.290e-04 -6.207e-05 -1.261e-05 -1.390e-05 -1.454e-06
 6.878e+00 -1.410e-04 -6.446e-05 -1.408e-05 -1.551e-05 -1.577e-06
 6.924e+00 -1.473e-04 -6.630e-05 -1.467e-05 -1.641e-05 -1.490e-06
 6.971e+00 -1.543e-04 -6.789e-05 -1.578e-05 -1.858e-05 -1.551e-06
 7.017e+00 -1.574e-04 -7.015e-05 -1.679e-05 -1.899e-05 -1.482e-06
 7.064e+00 -1.667e-04 -7.279e-05 -1.762e-05 -2.036e-05 -1.579e-06
 7.111e+00 -1.680e-04 -7.709e-05 -1.949e-05 -2.089e-05 -1.658e-06
 7.158e+00 -1.804e-04 -7.957e-05 -2.026e-05 -2.315e-05 -1.636e-06
 7.206e+00 -1.861e-04 -8.149e-05 -2.104e-05 -2.243e-05 -1.726e-06
 7.254e+00 -1.983e-04 -8.444e-05 -2.204e-05 -2.474e-05 -1.705e-06
 7.301e+00 -1.972e-04 -8.746e-05 -2.295e-05 -2.621e-05 -1.825e-06
 7.348e+00 -2.076e-04 -8.956e-05 -2.472e-05 -2.683e-05 -1.964e-06
 7.396e+00 -2.204e-04 -9.411e-05 -2.578e-05 -2.745e-05 -2.179e-06
 7.443e+00 -2.261e-04 -9.809e-05 -2.642e-05 -2.899e-05 -2.148e-06
 7.491e+00 -2.387e-04 -1.008e-04 -2.794e-05 -3.010e-05 -2.281e-06
 7.539e+00 -2.425e-04 -1.035e-04 -2.993e-05 -3.078e-05 -2.411e-06
 7.587e+00 -2.517e-04 -1.078e-04 -3.150e-05 -3.284e-05 -2.490e-06
 7.635e+00 -2.642e-04 -1.122e-04 -3.265e-05 -3.401e-05 -2.649e-06
 7.684e+00 -2.732e-04 -1.153e-04 -3.382e-05 -3.522e-05 -2.749e-06
 7.732e+00 -2.823e-04 -1.184e-04 -3.546e-05 -3.690e-05 -2.595e-06
 7.781e+00 -2.978e-04 -1.231e-04 -3.667e-05 -3.767e-05 -2.697e-06
 7.829e+00 -3.073e-04 -1.279e-04 -3.742e-05 -3.988e-05 -2.932e-06
 7.877e+00 -3.138e-04 -1.328e-04 -3.958e-05 -4.116e-05 -3.107e-06
 7.926e+00 -3.237e-04 -1.347e-04 -4.083e-05 -4.343e-05 -2.947e-06
 7.975e+00 -3.370e-04 -1.398e-04 -4.257e-05 -4.379e-05 -3.332e-06
 8.024e+00 -3.472e-04 -1.450e-04 -4.385e-05 -4.563e-05 -3.134e-06
 8.072e+00 -3.610e-04 -1.487e-04 -4.563e-05 -4.798e-05 -3.213e-06
 8.122e+00 -3.716e-04 -1.541e-04 -4.693e-05 -4.837e-05 -3.006e-06
 8.172e+00 -3.756e-04 -1.563e-04 -4.680e-05 -4.877e-05 -3.084e-06
 8.221e+00 -3.864e-04 -1.602e-04 -4.909e-05 -5.119e-05 -3.272e-06
 8.270e+00 -4.009e-04 -1.641e-04 -5.042e-05 -5.160e-05 -3.203e-06
 8.320e+00 -4.120e-04 -1.699e-04 -5.076e-05 -5.406e-05 -3.244e-06
 8.369e+00 -4.161e-04 -1.739e-04 -5.259e-05 -5.447e-05 -3.171e-06
 8.419e+00 -4.201e-04 -1.780e-04 -5.494e-05 -5.278e-05 -3.403e-06
 8.469e+00 -4.350e-04 -1.803e-04 -5.528e-05 -5.527e-05 -3.561e-06
 8.519e+00 -4.428e-04 -1.863e-04 -5.560e-05 -5.778e-05 -3.522e-06
 8.569e+00 -4.505e-04 -1.905e-04 -5.796e-05 -5.818e-05 -3.322e-06
 8.619e+00 -4.581e-04 -1.947e-04 -6.033e-05 -6.072e-05 -3.681e-06
 8.670e+00 -4.734e-04 -1.989e-04 -5.857e-05 -5.895e-05 -3.678e-06
 8.721e+00 -4.811e-04 -2.031e-04 -6.094e-05 -6.149e-05 -3.714e-06
 8.771e+00 -4.849e-04 -2.073e-04 -6.122e-05 -6.186e-05 -3.665e-06
 8.821e+00 -4.886e-04 -2.115e-04 -6.358e-05 -6.221e-05 -3.656e-06
 8.872e+00 -5.037e-04 -2.137e-04 -6.383e-05 -6.254e-05 -4.067e-06
 8.923e+00 -5.072e-04 -2.198e-04 -6.407e-05 -6.509e-05 -3.927e-06
 8.974e+00 -5.105e-04 -2.219e-04 -6.217e-05 -6.317e-05 -3.955e-06
 9.025e+00 -5.216e-04 -2.260e-04 -6.450e-05 -6.345e-05 -3.722e-06
 9.076e+00 -5.406e-04 -2.300e-04 -6.682e-05 -6.373e-05 -4.049e-06
 9.127e+00 -5.436e-04 -2.340e-04 -6.700e-05 -6.398e-05 -4.202e-06
 9.179e+00 -5.465e-04 -2.358e-04 -6.717e-05 -6.423e-05 -4.003e-06
 9.231e+00 -5.492e-04 -2.376e-04 -6.731e-05 -6.445e-05 -4.285e-06
 9.282e+00 -5.517e-04 -2.414e-04 -6.960e-05 -6.466e-05 -4.212e-06
 9.334e+00 -5.541e-04 -2.408e-04 -6.972e-05 -6.256e-05 -4.359e-06
 9.386e+00 -5.563e-04 -2.466e-04 -6.765e-05 -6.043e-05 -4.237e-06
 9.437e+00 -5.419e-04 -2.480e-04 -6.991e-05 -6.520e-05 -4.648e-06
 9.489e+00 -5.438e-04 -2.515e-04 -6.782e-05 -6.304e-05 -4.342e-06
 9.541e+00 -5.621e-04 -2.528e-04 -6.788e-05 -6.318e-05 -4.527e-06
 9.594e+00 -5.472e-04 -2.540e-04 -7.010e-05 -5.865e-05 -5.023e-06
 9.646e+00 -5.362e-04 -2.550e-04 -6.797e-05 -5.876e-05 -4.352e-06
 9.700e+00 -5.460e-04 -2.561e-04 -7.018e-05 -6.119e-05 -4.711e-06
 9.752e+00 -5.515e-04 -2.570e-04 -6.803e-05 -5.895e-05 -4.574e-06
 9.805e+00 -5.444e-04 -2.579e-04 -6.805e-05 -5.670e-05 -4.840e-06
 9.857e+00 -5.498e-04 -2.610e-04 -6.806e-05 -5.677e-05 -4.432e-06
 9.910e+00 -5.467e-04 -2.641e-04 -6.807e-05 -5.392e-05 -4.963e-06
 9.963e+00 -5.520e-04 -2.625e-04 -6.808e-05 -5.105e-05 -4.732e-06
 1.002e+01 -5.489e-04 -2.632e-04 -6.590e-05 -4.994e-05 -4.636e-06
 1.007e+01 -5.374e-04 -2.639e-04 -6.809e-05 -4.882e-05 -4.984e-06
 1.012e+01 -5.469e-04 -2.645e-04 -6.591e-05 -4.947e-05 -4.664e-06
 1.018e+01 -5.481e-04 -2.605e-04 -6.810e-05 -4.718e-05 -4.345e-06
 1.023e+01 -5.408e-04 -2.611e-04 -6.593e-05 -4.547e-05 -4.381e-06
 1.028e+01 -5.249e-04 -2.617e-04 -6.376e-05 -4.317e-05 -4.505e-06
 1.034e+01 -5.219e-04 -2.646e-04 -6.596e-05 -4.205e-05 -4.541e-06
 1.039e+01 -5.189e-04 -2.605e-04 -6.380e-05 -3.915e-05 -4.402e-06
 1.045e+01 -5.117e-04 -2.587e-04 -6.384e-05 -3.625e-05 -4.175e-06
 1.050e+01 -5.003e-04 -2.640e-04 -6.169e-05 -3.632e-05 -3.950e-06
 1.055e+01 -4.932e-04 -2.646e-04 -5.955e-05 -3.640e-05 -4.078e-06
 1.061e+01 -4.818e-04 -2.606e-04 -6.179e-05 -3.230e-05 -3.724e-06
 1.066e+01 -4.966e-04 -2.566e-04 -6.185e-05 -2.998e-05 -4.334e-06
 1.072e+01 -4.811e-04 -2.620e-04 -5.973e-05 -2.616e-05 -4.202e-06
 1.077e+01 -4.656e-04 -2.628e-04 -5.597e-05 -2.428e-05 -3.677e-06
 1.083e+01 -4.632e-04 -2.565e-04 -5.551e-05 -2.360e-05 -3.766e-06
 1.088e+01 -4.521e-04 -2.645e-04 -5.285e-05 -2.292e-05 -3.857e-06
 1.094e+01 -4.545e-04 -2.582e-04 -5.351e-05 -1.828e-05 -3.906e-06
 1.099e+01 -4.390e-04 -2.592e-04 -5.362e-05 -1.545e-05 -3.363e-06
 1.105e+01 -4.460e-04 -2.651e-04 -5.208e-05 -1.736e-05 -3.745e-06
 1.110e+01 -4.760e-04 -2.589e-04 -5.443e-05 -1.343e-05 -3.799e-06
 1.116e+01 -4.471e-04 -2.649e-04 -4.957e-05 -1.582e-05 -3.511e-06
 1.121e+01 -4.363e-04 -2.637e-04 -5.307e-05 -1.340e-05 -3.957e-06
 1.127e+01 -4.441e-04 -2.675e-04 -5.155e-05 -1.222e-05 -3.616e-06
 1.133e+01 -4.148e-04 -2.714e-04 -5.116e-05 -1.040e-05 -3.723e-06
 1.138e+01 -4.603e-04 -2.679e-04 -4.965e-05 -1.062e-05 -4.328e-06
 1.144e+01 -4.214e-04 -2.719e-04 -4.587e-05 -8.931e-06 -3.616e-06
 1.149e+01 -4.250e-04 -2.760e-04 -4.661e-05 -5.778e-06 -3.467e-06
 1.155e+01 -4.383e-04 -2.802e-04 -4.623e-05 -4.524e-06 -4.179e-06
 1.161e+01 -4.130e-04 -2.795e-04 -4.699e-05 -4.554e-06 -4.025e-06
 1.166e+01 -4.266e-04 -2.839e-04 -4.547e-05  1.966e-06 -4.335e-06
 1.172e+01 -3.947e-04 -2.832e-04 -4.509e-05  1.320e-06 -4.230e-06
 1.178e+01 -3.747e-04 -2.800e-04 -4.471e-05  3.323e-06 -4.409e-06
 1.183e+01 -4.212e-04 -2.873e-04 -4.259e-05  4.687e-06 -4.114e-06
 1.189e+01 -3.910e-04 -2.895e-04 -4.103e-05  5.399e-06 -4.637e-06
 1.195e+01 -3.782e-04 -2.916e-04 -3.769e-05  8.159e-06 -4.683e-06
 1.201e+01 -3.780e-04 -2.912e-04 -3.373e-05  1.165e-05 -5.323e-06
 1.206e+01 -3.568e-04 -2.908e-04 -3.864e-05  1.105e-05 -5.081e-06
 1.212e+01 -3.630e-04 -2.877e-04 -3.704e-05  1.739e-05 -5.388e-06
 1.218e+01 -3.371e-04 -2.927e-04 -3.541e-05  2.453e-05 -5.296e-06
 1.223e+01 -3.106e-04 -3.006e-04 -3.060e-05  3.037e-05 -5.614e-06
 1.229e+01 -2.672e-04 -2.919e-04 -2.998e-05  3.059e-05 -5.991e-06
 1.235e+01 -2.477e-04 -2.831e-04 -2.434e-05  3.941e-05 -5.903e-06
 1.241e+01 -1.833e-04 -2.826e-04 -2.582e-05  4.835e-05 -5.866e-06
 1.247e+01 -1.793e-04 -2.708e-04 -2.209e-05  5.160e-05 -6.099e-06
 1.252e+01 -1.073e-04 -2.558e-04 -2.157e-05  5.486e-05 -6.334e-06
 1.258e+01 -1.253e-04 -2.551e-04 -2.737e-05  3.165e-05 -7.290e-06
 1.264e+01 -3.931e-04 -2.982e-04 -5.402e-05 -3.092e-05 -6.423e-06
 1.270e+01 -8.091e-04 -4.187e-04 -9.284e-05 -1.348e-04 -6.946e-06
 1.276e+01 -7.506e-04 -4.581e-04 -8.815e-05 -1.206e-04 -7.192e-06
 1.282e+01 -3.265e-04 -3.121e-04 -3.637e-05 -1.995e-05 -8.074e-06
 1.287e+01 -5.773e-04 -3.938e-04 -6.227e-05 -5.069e-05 -7.164e-06
 1.293e+01 -5.924e-04 -3.975e-04 -7.126e-05 -6.384e-05 -7.290e-06
 1.299e+01 -5.896e-04 -3.891e-04 -7.650e-05 -7.022e-05 -5.813e-06
 1.305e+01 -6.525e-04 -4.057e-04 -6.528e-05 -6.975e-05 -3.485e-06
 1.311e+01 -6.136e-04 -3.849e-04 -6.162e-05 -5.232e-05 -3.556e-06
 1.317e+01 -5.923e-04 -4.276e-04 -6.430e-05 -6.024e-05 -3.809e-06
 1.323e+01 -5.768e-04 -4.201e-04 -6.507e-05 -6.279e-05 -3.757e-06
 1.329e+01 -5.918e-04 -4.258e-04 -7.224e-05 -6.924e-05 -4.224e-06
 1.335e+01 -6.562e-04 -4.321e-04 -6.983e-05 -7.888e-05 -3.412e-06
 1.341e+01 -6.537e-04 -4.393e-04 -7.256e-05 -8.548e-05 -3.939e-06
 1.347e+01 -5.957e-04 -4.473e-04 -7.531e-05 -7.956e-05 -4.765e-06
 1.353e+01 -7.251e-04 -4.847e-04 -7.811e-05 -9.263e-05 -4.439e-06
 1.359e+01 -6.745e-04 -5.103e-04 -8.095e-05 -9.953e-05 -5.332e-06
 1.365e+01 -7.706e-04 -5.243e-04 -8.126e-05 -1.034e-04 -5.413e-06
 1.371e+01 -7.412e-04 -5.251e-04 -8.423e-05 -1.043e-04 -4.721e-06
 1.377e+01 -8.108e-04 -5.437e-04 -8.468e-05 -1.150e-04 -4.563e-06
 1.383e+01 -7.318e-04 -5.824e-04 -9.315e-05 -1.163e-04 -5.982e-06
 1.389e+01 -7.405e-04 -6.105e-04 -9.386e-05 -1.246e-04 -6.203e-06
 1.395e+01 -7.734e-04 -6.634e-04 -9.472e-05 -1.402e-04 -6.175e-06
 1.401e+01 -8.909e-04 -7.085e-04 -9.575e-05 -1.430e-04 -5.444e-06
 1.407e+01 -9.170e-04 -7.879e-04 -1.080e-04 -1.534e-04 -6.150e-06
 1.413e+01 -1.006e-03 -8.677e-04 -1.069e-04 -1.687e-04 -7.416e-06
 1.419e+01 -1.038e-03 -9.783e-04 -1.032e-04 -1.706e-04 -6.184e-06
 1.425e+01 -1.139e-03 -1.145e-03 -1.258e-04 -1.935e-04 -8.156e-06
 1.431e+01 -1.307e-03 -1.444e-03 -1.231e-04 -2.154e-04 -7.862e-06
 1.437e+01 -1.539e-03 -1.884e-03 -1.300e-04 -2.197e-04 -8.679e-06
 1.443e+01 -1.765e-03 -3.184e-03 -1.476e-04 -2.641e-04 -8.333e-06
 1.450e+01 -2.176e-03 -9.403e-03 -1.673e-04 -2.884e-04 -9.360e-06
 1.456e+01 -2.662e-03  7.745e-03 -1.761e-04 -3.278e-04 -1.167e-05
 1.462e+01 -4.092e-03  2.721e-03 -1.871e-04 -4.106e-04 -1.014e-05
 1.468e+01 -9.722e-03  1.531e-03 -2.135e-04 -4.955e-04 -1.380e-05
 1.474e+01  2.353e-02  9.931e-04 -2.247e-04 -6.762e-04 -1.514e-05
 1.480e+01  5.067e-03  7.744e-04 -2.708e-04 -1.037e-03 -1.887e-05
 1.486e+01  2.926e-03  6.294e-04 -3.413e-04 -2.574e-03 -2.520e-05
 1.493e+01  1.839e-03  4.832e-04 -3.701e-04  4.919e-03 -3.778e-05
 1.499e+01  1.465e-03  4.281e-04 -5.138e-04  1.189e-03 -6.969e-05
 1.505e+01  1.075e-03  3.595e-04 -8.388e-04  6.910e-04  1.095e-03
 1.511e+01  9.157e-04  2.990e-04 -1.868e-03  4.594e-04  5.269e-05
 1.517e+01  8.133e-04  2.635e-04  7.634e-03  3.534e-04  2.894e-05
 1.523e+01  6.368e-04  2.289e-04  1.182e-03  2.728e-04  1.961e-05
 1.530e+01  5.500e-04  2.005e-04  6.661e-04  2.183e-04  1.296e-05
 1.536e+01  4.904e-04  1.767e-04  4.246e-04  1.792e-04  1.047e-05
 1.542e+01  4.663e-04  1.639e-04  3.129e-04  1.575e-04  8.575e-06
 1.548e+01  3.904e-04  1.425e-04  2.562e-04  1.333e-04  6.590e-06
 1.555e+01  3.817e-04  1.362e-04  2.054e-04  1.146e-04  5.670e-06
 1.561e+01  3.316e-04  1.276e-04  1.778e-04  9.951e-05  4.644e-06
 1.567e+01  3.099e-04  1.151e-04  1.493e-04  8.714e-05  3.936e-06
 1.573e+01  2.723e-04  1.085e-04  1.336e-04  8.055e-05  3.737e-06
 1.580e+01  2.646e-04  9.857e-05  1.154e-04  6.822e-05  2.911e-06
 1.586e+01  2.347e-04  8.982e-05  9.601e-05  6.381e-05  2.753e-06
 1.592e+01  2.222e-04  8.368e-05  8.861e-05  5.462e-05  2.508e-06
 1.598e+01  2.076e-04  8.107e-05  7.857e-05  5.158e-05  2.251e-06
 1.605e+01  2.055e-04  7.985e-05  7.338e-05  4.667e-05  2.068e-06
 1.611e+01  1.948e-04  7.463e-05  6.569e-05  4.230e-05  1.933e-06
 1.618e+01  1.807e-04  7.460e-05  5.928e-05  3.856e-05  1.726e-06
 1.624e+01  1.787e-04  7.326e-05  5.613e-05  3.690e-05  1.521e-06
 1.630e+01  1.724e-04  6.893e-05  5.112e-05  3.386e-05  1.368e-06
 1.636e+01  1.593e-04  6.682e-05  4.872e-05  2.981e-05  1.321e-06
 1.643e+01  1.542e-04  6.904e-05  4.472e-05  2.879e-05  1.314e-06
 1.649e+01  1.493e-04  6.447e-05  4.119e-05  2.666e-05  1.210e-06
 1.655e+01  1.391e-04  6.330e-05  3.807e-05  2.476e-05  1.134e-06
 1.662e+01  1.298e-04  6.216e-05  3.530e-05  2.306e-05  9.467e-07
 1.668e+01  1.265e-04  6.366e-05  3.284e-05  2.153e-05  8.799e-07
 1.675e+01  1.185e-04  5.990e-05  3.059e-05  2.013e-05  9.048e-07
 1.681e+01  1.115e-04  5.657e-05  2.981e-05  1.891e-05  8.094e-07
 1.687e+01  1.051e-04  5.574e-05  2.689e-05  1.780e-05  6.937e-07
 1.694e+01  9.942e-05  5.289e-05  2.533e-05  1.607e-05  6.604e-07
 1.700e+01  9.425e-05  5.031e-05  2.392e-05  1.521e-05  5.847e-07
 1.706e+01  8.959e-05  4.985e-05  2.267e-05  1.444e-05  5.345e-07
 1.713e+01  8.540e-05  4.765e-05  2.154e-05  1.375e-05  4.584e-07
 1.719e+01  8.162e-05  4.566e-05  2.053e-05  1.313e-05  4.493e-07
 1.726e+01  7.824e-05  4.387e-05  1.964e-05  1.200e-05  3.522e-07
 1.732e+01  7.521e-05  4.226e-05  1.884e-05  1.152e-05  3.743e-07
 1.739e+01  7.246e-05  4.235e-05  1.811e-05  1.109e-05  3.390e-07
 1.745e+01  7.009e-05  4.103e-05  1.678e-05  1.072e-05  2.910e-07
 1.751e+01  6.801e-05  3.988e-05  1.626e-05  1.040e-05  2.956e-07
 1.758e+01  6.622e-05  3.888e-05  1.648e-05  1.012e-05  2.695e-07
 1.764e+01  6.469e-05  3.804e-05  1.608e-05  9.881e-06  2.602e-07
 1.771e+01  6.343e-05  3.733e-05  1.575e-05  9.685e-06  2.337e-07
 1.777e+01  6.490e-05  3.811e-05  1.549e-05  9.529e-06  2.354e-07
 1.784e+01  6.168e-05  3.768e-05  1.530e-05  9.413e-06  2.248e-07
 1.790e+01  6.362e-05  3.740e-05  1.456e-05  9.337e-06  2.347e-07
 1.797e+01  6.339e-05  3.727e-05  1.512e-05  9.303e-06  2.140e-07
 1.803e+01  6.345e-05  3.730e-05  1.451e-05  8.864e-06  2.166e-07
 1.810e+01  6.381e-05  3.750e-05  1.522e-05  9.366e-06  1.986e-07
 1.816e+01  6.449e-05  3.789e-05  1.539e-05  9.468e-06  1.957e-07
 1.823e+01  6.553e-05  3.847e-05  1.565e-05  9.161e-06  1.834e-07
 1.829e+01  6.696e-05  3.926e-05  1.601e-05  9.837e-06  1.467e-07
 1.836e+01  6.882e-05  4.029e-05  1.647e-05  9.630e-06  1.402e-07
 1.842e+01  7.118e-05  4.160e-05  1.637e-05  1.047e-05  1.436e-07
 1.849e+01  7.412e-05  4.323e-05  1.708e-05  1.039e-05  1.502e-07
 1.855e+01  7.774e-05  4.681e-05  1.796e-05  1.145e-05  1.542e-07
 1.862e+01  8.529e-05  4.932e-05  1.904e-05  1.212e-05  1.616e-07
 1.869e+01 -9.999e+00 -9.999e+00 -9.999e+00 -9.999e+00  1.607e-07
 1.875e+01 -9.999e+00 -9.999e+00 -9.999e+00 -9.999e+00  1.692e-07
 1.882e+01 -9.999e+00 -9.999e+00 -9.999e+00 -9.999e+00  1.756e-07
 1.888e+01 -9.999e+00 -9.999e+00 -9.999e+00 -9.999e+00  1.886e-07
 1.895e+01 -9.999e+00 -9.999e+00 -9.999e+00 -9.999e+00  1.879e-07
 1.901e+01 -9.999e+00 -9.999e+00 -9.999e+00 -9.999e+00  2.002e-07
 1.908e+01 -9.999e+00 -9.999e+00 -9.999e+00 -9.999e+00  2.139e-07
 1.915e+01 -9.999e+00 -9.999e+00 -9.999e+00 -9.999e+00  2.199e-07
 1.921e+01 -9.999e+00 -9.999e+00 -9.999e+00 -9.999e+00  2.338e-07
 1.928e+01 -9.999e+00 -9.999e+00 -9.999e+00 -9.999e+00  2.465e-07
