 3.981e-01  8.105e-04  5.990e-04  2.722e-04  4.412e-04 -1.450e-04
 4.058e-01  4.627e-04  2.903e-04  1.382e-04  2.188e-04 -2.043e-04
 4.136e-01  1.252e-04  3.626e-05  4.223e-05  6.346e-05  1.566e-04
 4.214e-01  1.047e-04  2.378e-05  3.765e-05  5.691e-05  1.634e-04
 4.292e-01  1.353e-04  4.526e-05  2.850e-05  4.383e-05  6.977e-05
 4.370e-01  1.455e-04  4.070e-05  1.139e-06  8.683e-06  5.974e-06
 4.449e-01  9.439e-05  2.711e-05  7.591e-07  8.273e-06  4.535e-06
 4.527e-01  7.394e-05  2.256e-05  7.586e-07  7.864e-06  4.124e-06
 4.606e-01  8.410e-05  2.479e-05 -3.790e-07  7.046e-06  4.330e-06
 4.685e-01  7.386e-05  2.026e-05  0.000e+00  7.045e-06  3.814e-06
 4.780e-01  6.363e-05  2.023e-05 -3.783e-07  6.635e-06  3.400e-06
 4.886e-01  6.358e-05  1.795e-05 -1.511e-06  7.043e-06  3.293e-06
 4.992e-01  3.303e-05  1.008e-05 -1.509e-06  6.634e-06  1.952e-06
 5.098e-01  2.539e-05  1.006e-05 -7.535e-07  6.633e-06  1.538e-06
 5.204e-01  2.790e-05  8.922e-06 -3.762e-07  6.633e-06  1.637e-06
 5.311e-01  5.322e-05  1.447e-05  0.000e+00  7.041e-06  2.755e-06
 5.417e-01  3.292e-05  9.995e-06 -7.501e-07  6.633e-06  1.831e-06
 5.525e-01  4.301e-05  1.108e-05 -3.744e-07  7.042e-06  2.027e-06
 5.632e-01  7.332e-05  1.548e-05  3.738e-07  7.861e-06  2.929e-06
 5.740e-01  6.316e-05  1.544e-05  3.732e-07  8.271e-06  2.112e-06
 5.865e-01  6.311e-05  1.650e-05  3.725e-07  7.458e-06  1.902e-06
 6.001e-01  5.297e-05  1.865e-05  7.435e-07  7.872e-06  1.294e-06
 6.137e-01  4.285e-05  2.189e-05  7.420e-07  8.288e-06  7.915e-07
 6.273e-01  4.283e-05  2.401e-05  1.481e-06  8.296e-06  5.900e-07
 6.410e-01  6.296e-05  2.830e-05  1.478e-06  8.716e-06  7.817e-07
 6.547e-01  6.294e-05  2.932e-05  2.213e-06  7.907e-06  6.796e-07
 6.685e-01  7.301e-05  3.467e-05  2.209e-06  9.155e-06  5.787e-07
 6.824e-01  8.309e-05  3.459e-05  2.572e-06  9.585e-06  6.707e-07
 6.963e-01  8.311e-05  3.452e-05  2.935e-06  1.002e-05  5.711e-07
 7.102e-01  9.323e-05  3.445e-05  2.564e-06  9.214e-06  5.674e-07
 7.260e-01  1.135e-04  3.868e-05  3.291e-06  1.049e-05  8.450e-07
 7.429e-01  1.439e-04  4.290e-05  3.285e-06  9.693e-06  1.025e-06
 7.598e-01  1.441e-04  4.284e-05  3.645e-06  9.731e-06  1.388e-06
 7.769e-01  1.545e-04  4.279e-05  4.732e-06  1.019e-05  1.562e-06
 7.940e-01  2.157e-04  5.131e-05  4.363e-06  1.024e-05  1.552e-06
 8.111e-01  1.959e-04  4.273e-05  3.996e-06  1.030e-05  1.815e-06
 8.284e-01  1.964e-04  4.273e-05  3.992e-06  1.035e-05  1.895e-06
 8.457e-01  1.970e-04  4.273e-05  4.353e-06  9.558e-06  2.155e-06
 8.632e-01  2.181e-04  4.703e-05  4.351e-06  9.619e-06  2.145e-06
 8.807e-01  2.292e-04  4.707e-05  4.712e-06  9.248e-06  2.493e-06
 9.003e-01  2.301e-04  4.714e-05  4.712e-06  9.321e-06  2.484e-06
 9.209e-01  2.208e-04  4.294e-05  4.350e-06  9.844e-06  2.476e-06
 9.417e-01  2.323e-04  3.873e-05  5.076e-06  9.041e-06  2.382e-06
 9.625e-01  2.440e-04  4.316e-05  4.716e-06  8.225e-06  2.731e-06
 9.835e-01  2.875e-04  4.762e-05  5.082e-06  7.395e-06  3.256e-06
 1.005e+00  2.678e-04  4.779e-05  4.360e-06  7.009e-06  2.991e-06
 1.026e+00  4.399e-04  7.851e-05  6.545e-06  7.080e-06  4.753e-06
 1.047e+00  5.066e-04  8.760e-05  6.916e-06  6.215e-06  5.463e-06
 1.069e+00  5.525e-04  9.239e-05  6.559e-06  5.332e-06  6.177e-06
 1.090e+00  5.988e-04  8.841e-05  6.932e-06  5.388e-06  6.897e-06
 1.114e+00  6.023e-04  8.001e-05  6.210e-06  4.966e-06  6.560e-06
 1.139e+00  5.619e-04  8.495e-05  6.585e-06  3.555e-06  6.581e-06
 1.164e+00  7.414e-04  1.125e-04  7.693e-06  3.597e-06  8.032e-06
 1.190e+00  9.227e-04  1.584e-04  7.336e-06  1.756e-06  9.495e-06
 1.215e+00  1.016e-03  1.731e-04  9.917e-06  2.665e-06  1.277e-05
 1.241e+00  1.066e-03  1.651e-04  1.140e-05  1.668e-06  1.282e-05
 1.267e+00  9.355e-04  1.754e-04  8.468e-06  9.078e-07  1.033e-05
 1.293e+00  4.766e-04  1.115e-04  4.423e-06  9.173e-07  4.641e-06
 1.319e+00  2.406e-04  7.949e-05  4.059e-06  1.324e-07  2.741e-06
 1.345e+00  0.000e+00  0.000e+00  0.000e+00  0.000e+00  0.000e+00
 1.374e+00  2.849e-06 -1.185e-06  0.000e+00 -4.051e-07  1.151e-07
 1.404e+00  1.714e-05  2.386e-06 -3.700e-07 -5.456e-07  6.471e-07
 1.434e+00  5.729e-06 -1.201e-06  0.000e+00 -2.755e-07  3.248e-07
 1.465e+00  8.613e-06  0.000e+00 -7.413e-07  9.733e-07  4.890e-07
 1.496e+00  1.439e-05  4.870e-06 -3.709e-07 -1.403e-07  6.543e-07
 1.527e+00  1.730e-05  8.578e-06  7.424e-07  1.415e-07  9.380e-07
 1.558e+00  2.888e-06  6.167e-06  3.715e-07  2.855e-07  6.589e-07
 1.589e+00 -2.893e-06  2.482e-06  7.435e-07 -2.879e-07  4.486e-07
 1.621e+00  1.449e-05  2.497e-06  0.000e+00  5.805e-07  2.132e-07
 1.653e+00  3.281e-04  2.512e-05  2.607e-06  1.024e-06  2.282e-06
 1.687e+00  3.783e-05  6.320e-06  1.118e-06  1.918e-06  1.241e-06
 1.723e+00  2.624e-05  2.544e-06  1.119e-06  1.786e-06  9.581e-07
 1.759e+00  2.338e-05  3.840e-06  1.494e-06  2.402e-06  8.656e-07
 1.796e+00  2.930e-05  3.863e-06  1.496e-06  3.029e-06  7.723e-07
 1.833e+00  3.524e-05  3.885e-06  2.247e-06  4.429e-06  8.721e-07
 1.870e+00  3.239e-05  5.210e-06  2.625e-06  5.082e-06  1.070e-06
 1.907e+00  3.543e-05  5.238e-06  3.379e-06  5.745e-06  9.760e-07
 1.944e+00  3.849e-05  6.582e-06  3.760e-06  7.043e-06  9.793e-07
 1.982e+00  3.860e-05  7.938e-06  3.765e-06  9.622e-06  8.843e-07
 2.020e+00  3.573e-05  7.976e-06  4.148e-06  9.059e-06  7.884e-07
 2.062e+00  3.285e-05  8.015e-06  4.909e-06  1.041e-05  5.437e-07
 2.104e+00  2.695e-05  6.710e-06  4.917e-06  1.113e-05  3.470e-07
 2.147e+00  3.904e-05  8.086e-06  5.681e-06  1.251e-05  3.975e-07
 2.190e+00  3.915e-05  1.082e-05  5.688e-06  1.325e-05  5.478e-07
 2.234e+00  3.924e-05  9.504e-06  4.556e-06  1.333e-05  5.737e-07
 2.278e+00  3.933e-05  1.090e-05  4.941e-06  1.472e-05  3.498e-07
 2.322e+00  3.940e-05  1.092e-05  5.707e-06  1.545e-05  2.501e-07
 2.367e+00  3.947e-05  1.095e-05  6.092e-06  1.551e-05  3.505e-07
 2.411e+00  3.952e-05  1.234e-05  6.477e-06  1.757e-05  3.508e-07
 2.457e+00  5.173e-05  1.373e-05  6.862e-06  1.895e-05  4.010e-07
 2.505e+00  5.177e-05  1.512e-05  6.864e-06  1.898e-05  5.264e-07
 2.555e+00  5.179e-05  1.650e-05  8.391e-06  2.035e-05  8.020e-07
 2.606e+00  6.398e-05  1.788e-05  8.010e-06  2.237e-05  9.017e-07
 2.656e+00  6.396e-05  1.787e-05  9.152e-06  2.235e-05  8.009e-07
 2.707e+00  6.391e-05  1.922e-05  8.387e-06  2.298e-05  1.100e-06
 2.759e+00  7.600e-05  2.194e-05  8.382e-06  2.359e-05  1.198e-06
 2.811e+00  7.590e-05  2.190e-05  9.138e-06  2.418e-05  1.196e-06
 2.863e+00  7.577e-05  2.321e-05  9.131e-06  2.475e-05  1.194e-06
 2.915e+00  7.563e-05  2.451e-05  9.122e-06  2.662e-05  1.191e-06
 2.968e+00  7.546e-05  2.444e-05  9.112e-06  2.583e-05  1.089e-06
 3.014e+00  8.736e-05  2.572e-05  9.482e-06  2.570e-05  1.186e-06
 3.049e+00  8.721e-05  2.431e-05  9.474e-06  2.560e-05  1.184e-06
 3.085e+00  8.706e-05  2.694e-05  9.466e-06  2.614e-05  1.083e-06
 3.121e+00  8.691e-05  2.552e-05  1.021e-05  2.537e-05  9.826e-07
 3.157e+00  9.871e-05  2.679e-05  8.693e-06  2.654e-05  9.806e-07
 3.193e+00  8.658e-05  2.671e-05  9.440e-06  2.578e-05  9.785e-07
 3.230e+00  7.450e-05  2.663e-05  9.054e-06  2.629e-05  9.764e-07
 3.266e+00  8.626e-05  2.654e-05  9.422e-06  2.616e-05  1.072e-06
 3.303e+00  9.797e-05  2.910e-05  9.037e-06  2.602e-05  1.264e-06
 3.340e+00  8.594e-05  2.901e-05  9.028e-06  2.463e-05  1.261e-06
 3.378e+00  8.577e-05  2.759e-05  9.395e-06  2.512e-05  1.258e-06
 3.415e+00  8.562e-05  2.880e-05  9.387e-06  2.499e-05  1.255e-06
 3.452e+00  8.547e-05  2.740e-05  9.003e-06  2.547e-05  1.253e-06
 3.490e+00  8.532e-05  2.730e-05  8.620e-06  2.472e-05  1.154e-06
 3.527e+00  8.517e-05  2.461e-05  8.613e-06  2.398e-05  7.676e-07
 3.565e+00  4.985e-05  2.194e-05  8.232e-06  2.385e-05  2.393e-07
 3.603e+00  4.977e-05  2.185e-05  8.599e-06  2.432e-05  1.433e-07
 3.641e+00  4.970e-05  2.177e-05  8.219e-06  2.359e-05  3.575e-07
 3.679e+00  6.130e-05  2.424e-05  8.960e-06  2.466e-05  5.708e-07
 3.717e+00  6.121e-05  2.287e-05  9.327e-06  2.334e-05  5.697e-07
 3.757e+00  6.113e-05  2.278e-05  7.829e-06  2.380e-05  4.027e-07
 3.795e+00  6.105e-05  2.269e-05  8.942e-06  2.367e-05  3.546e-07
 3.834e+00  6.097e-05  2.386e-05  9.309e-06  2.471e-05  3.303e-07
 3.872e+00  6.090e-05  2.251e-05  9.304e-06  2.458e-05  3.767e-07
 3.911e+00  6.083e-05  2.242e-05  9.670e-06  2.445e-05  2.350e-07
 3.950e+00  6.075e-05  2.109e-05  9.294e-06  2.374e-05  1.173e-07
 3.990e+00  6.068e-05  2.100e-05  9.289e-06  2.475e-05  1.170e-07
 4.029e+00  6.061e-05  1.968e-05  9.284e-06  2.348e-05  1.869e-07
 4.068e+00  6.053e-05  1.960e-05  9.651e-06  2.391e-05  9.325e-08
 4.108e+00  6.046e-05  1.830e-05  8.904e-06  2.377e-05  9.307e-08
 4.148e+00  4.887e-05  1.701e-05  8.900e-06  2.308e-05  0.000e+00
 4.188e+00  4.881e-05  1.572e-05  8.895e-06  2.294e-05 -4.634e-08
 4.228e+00  4.873e-05  1.445e-05  8.891e-06  2.225e-05 -6.937e-08
 4.268e+00  4.866e-05  1.319e-05  8.516e-06  2.212e-05 -6.923e-08
 4.308e+00  3.715e-05  1.432e-05  8.511e-06  2.143e-05 -9.211e-08
 4.349e+00  4.849e-05  1.426e-05  8.506e-06  2.130e-05 -1.149e-07
 4.389e+00  4.840e-05  1.301e-05  8.501e-06  2.062e-05 -1.605e-07
 4.430e+00  3.694e-05  1.178e-05  8.127e-06  2.049e-05 -2.059e-07
 4.470e+00  3.686e-05  1.173e-05  7.752e-06  1.982e-05 -1.598e-07
 4.511e+00  3.677e-05  1.167e-05  8.485e-06  1.968e-05 -6.833e-08
 4.553e+00  4.796e-05  1.162e-05  8.478e-06  2.007e-05 -1.136e-07
 4.594e+00  3.658e-05  1.272e-05  8.104e-06  1.940e-05 -1.134e-07
 4.635e+00  4.770e-05  1.267e-05  8.097e-06  1.823e-05 -9.050e-08
 4.676e+00  3.637e-05  1.146e-05  8.091e-06  1.912e-05 -6.773e-08
 4.718e+00  3.625e-05  1.141e-05  7.716e-06  1.846e-05 -2.253e-08
 4.759e+00  3.614e-05  9.091e-06  6.241e-06  1.630e-05  2.248e-08
 4.801e+00  3.601e-05  9.051e-06  6.602e-06  1.618e-05 -2.243e-08
 4.842e+00  3.312e-05  9.013e-06  6.230e-06  1.505e-05  2.238e-08
 4.884e+00  3.575e-05  7.853e-06  7.322e-06  1.691e-05 -4.468e-08
 4.926e+00  3.562e-05  8.938e-06  7.315e-06  1.628e-05 -1.115e-07
 4.969e+00  3.274e-05  8.901e-06  7.308e-06  1.615e-05 -1.113e-07
 5.011e+00  2.989e-05  6.649e-06  5.841e-06  1.458e-05 -8.885e-08
 5.053e+00  2.707e-05  5.520e-06  5.471e-06  1.398e-05 -6.653e-08
 5.096e+00  2.965e-05  4.400e-06  5.102e-06  1.387e-05 -2.214e-08
 5.138e+00  1.879e-05  4.385e-06  5.462e-06  1.329e-05 -2.211e-08
 5.181e+00  1.604e-05  3.277e-06  5.821e-06  1.271e-05  2.208e-08
 5.223e+00  2.129e-05  4.356e-06  5.089e-06  1.215e-05  1.103e-07
 5.266e+00  1.325e-05  2.172e-06  4.359e-06  1.205e-05  6.611e-08
 5.309e+00  1.848e-05  2.166e-06  3.994e-06  1.150e-05  4.404e-08
 5.352e+00  1.577e-05  2.160e-06  3.628e-06  1.232e-05  6.602e-08
 5.396e+00  1.047e-05  1.077e-06  3.990e-06  1.088e-05  8.800e-08
 5.439e+00  1.043e-05  1.075e-06  2.900e-06  9.911e-06  8.798e-08
 5.483e+00  5.195e-06 -1.073e-06  3.262e-06  9.841e-06  1.100e-07
 5.526e+00  2.588e-06 -2.143e-06  2.537e-06  9.334e-06  8.802e-08
 5.569e+00  5.157e-06 -3.211e-06  2.175e-06  8.835e-06  1.541e-07
 5.613e+00  2.570e-06 -3.208e-06  1.813e-06  7.912e-06  1.543e-07
 5.657e+00  2.562e-06 -4.274e-06  3.264e-06  9.155e-06  1.103e-07
 5.700e+00 -2.554e-06 -5.341e-06  2.540e-06  8.673e-06  8.836e-08
 5.744e+00 -2.547e-06 -5.341e-06  2.178e-06  8.198e-06 -2.213e-08
 5.788e+00 -7.623e-06 -5.343e-06  1.454e-06  7.308e-06 -6.651e-08
 5.834e+00 -1.268e-05 -7.485e-06  1.819e-06  7.270e-06 -1.111e-07
 5.878e+00 -1.012e-05 -8.563e-06  1.093e-06  6.817e-06  6.683e-08
 5.922e+00 -1.516e-05 -9.646e-06  3.648e-07  5.952e-06 -8.937e-08
 5.966e+00 -1.514e-05 -1.074e-05  0.000e+00  5.928e-06 -6.724e-08
 6.011e+00 -2.016e-05 -1.076e-05 -7.321e-07  4.663e-06 -1.799e-07
 6.056e+00 -2.015e-05 -1.294e-05 -1.101e-06  4.648e-06 -1.129e-07
 6.100e+00 -2.518e-05 -1.298e-05 -1.103e-06  4.223e-06 -2.267e-07
 6.145e+00 -2.769e-05 -1.411e-05 -2.212e-06  3.390e-06 -2.050e-07
 6.190e+00 -3.274e-05 -1.634e-05 -2.218e-06  2.973e-06 -2.517e-07
 6.235e+00 -3.528e-05 -1.749e-05 -2.596e-06  2.252e-06 -2.300e-07
 6.281e+00 -3.785e-05 -1.757e-05 -3.348e-06  2.249e-06 -1.851e-07
 6.326e+00 -4.043e-05 -1.931e-05 -3.734e-06  1.430e-06 -3.025e-07
 6.372e+00 -4.050e-05 -1.997e-05 -4.497e-06  9.185e-07 -3.746e-07
 6.417e+00 -5.074e-05 -2.064e-05 -5.268e-06  0.000e+00 -2.357e-07
 6.463e+00 -4.833e-05 -2.188e-05 -5.668e-06  3.062e-07 -3.797e-07
 6.508e+00 -5.867e-05 -2.343e-05 -6.452e-06 -1.226e-06 -3.585e-07
 6.554e+00 -5.887e-05 -2.558e-05 -7.246e-06 -2.045e-06 -4.094e-07
 6.600e+00 -6.680e-05 -2.662e-05 -7.281e-06 -2.662e-06 -6.554e-07
 6.646e+00 -6.965e-05 -2.913e-05 -8.282e-06 -3.283e-06 -7.343e-07
 6.692e+00 -7.515e-05 -3.082e-05 -9.780e-06 -4.215e-06 -7.530e-07
 6.739e+00 -7.813e-05 -3.108e-05 -9.641e-06 -4.639e-06 -7.973e-07
 6.785e+00 -8.640e-05 -3.342e-05 -1.117e-05 -6.203e-06 -8.550e-07
 6.831e+00 -8.425e-05 -3.581e-05 -1.104e-05 -5.498e-06 -8.442e-07
 6.878e+00 -9.601e-05 -3.795e-05 -1.250e-05 -7.080e-06 -9.616e-07
 6.924e+00 -1.020e-04 -3.954e-05 -1.308e-05 -7.945e-06 -8.678e-07
 6.971e+00 -1.087e-04 -4.086e-05 -1.417e-05 -1.008e-05 -9.228e-07
 7.017e+00 -1.115e-04 -4.284e-05 -1.517e-05 -1.044e-05 -8.468e-07
 7.064e+00 -1.205e-04 -4.518e-05 -1.599e-05 -1.177e-05 -9.366e-07
 7.111e+00 -1.214e-04 -4.917e-05 -1.785e-05 -1.226e-05 -1.008e-06
 7.158e+00 -1.334e-04 -5.133e-05 -1.860e-05 -1.447e-05 -9.790e-07
 7.206e+00 -1.387e-04 -5.292e-05 -1.937e-05 -1.370e-05 -1.060e-06
 7.254e+00 -1.505e-04 -5.552e-05 -2.036e-05 -1.595e-05 -1.031e-06
 7.301e+00 -1.490e-04 -5.820e-05 -2.125e-05 -1.736e-05 -1.144e-06
 7.348e+00 -1.589e-04 -5.993e-05 -2.302e-05 -1.792e-05 -1.273e-06
 7.396e+00 -1.712e-04 -6.411e-05 -2.406e-05 -1.849e-05 -1.479e-06
 7.443e+00 -1.765e-04 -6.770e-05 -2.469e-05 -1.996e-05 -1.439e-06
 7.491e+00 -1.886e-04 -6.999e-05 -2.619e-05 -2.100e-05 -1.563e-06
 7.539e+00 -1.919e-04 -7.234e-05 -2.817e-05 -2.161e-05 -1.683e-06
 7.587e+00 -2.006e-04 -7.619e-05 -2.972e-05 -2.360e-05 -1.752e-06
 7.635e+00 -2.126e-04 -8.014e-05 -3.086e-05 -2.471e-05 -1.901e-06
 7.684e+00 -2.210e-04 -8.275e-05 -3.202e-05 -2.583e-05 -1.991e-06
 7.732e+00 -2.295e-04 -8.540e-05 -3.364e-05 -2.744e-05 -1.826e-06
 7.781e+00 -2.445e-04 -8.963e-05 -3.483e-05 -2.814e-05 -1.917e-06
 7.829e+00 -2.535e-04 -9.397e-05 -3.557e-05 -3.026e-05 -2.141e-06
 7.877e+00 -2.594e-04 -9.842e-05 -3.772e-05 -3.147e-05 -2.305e-06
 7.926e+00 -2.687e-04 -9.982e-05 -3.896e-05 -3.366e-05 -2.134e-06
 7.975e+00 -2.814e-04 -1.044e-04 -4.068e-05 -3.394e-05 -2.507e-06
 8.024e+00 -2.910e-04 -1.092e-04 -4.195e-05 -3.569e-05 -2.298e-06
 8.072e+00 -3.042e-04 -1.124e-04 -4.371e-05 -3.796e-05 -2.366e-06
 8.122e+00 -3.141e-04 -1.173e-04 -4.500e-05 -3.827e-05 -2.147e-06
 8.172e+00 -3.176e-04 -1.190e-04 -4.485e-05 -3.859e-05 -2.213e-06
 8.221e+00 -3.278e-04 -1.223e-04 -4.713e-05 -4.093e-05 -2.390e-06
 8.270e+00 -3.416e-04 -1.257e-04 -4.844e-05 -4.125e-05 -2.309e-06
 8.320e+00 -3.521e-04 -1.310e-04 -4.877e-05 -4.363e-05 -2.339e-06
 8.369e+00 -3.556e-04 -1.345e-04 -5.059e-05 -4.396e-05 -2.254e-06
 8.419e+00 -3.591e-04 -1.381e-04 -5.293e-05 -4.220e-05 -2.475e-06
 8.469e+00 -3.734e-04 -1.398e-04 -5.325e-05 -4.461e-05 -2.621e-06
 8.519e+00 -3.805e-04 -1.453e-04 -5.356e-05 -4.705e-05 -2.573e-06
 8.569e+00 -3.877e-04 -1.490e-04 -5.591e-05 -4.737e-05 -2.361e-06
 8.619e+00 -3.948e-04 -1.527e-04 -5.827e-05 -4.984e-05 -2.710e-06
 8.670e+00 -4.095e-04 -1.564e-04 -5.650e-05 -4.800e-05 -2.698e-06
 8.721e+00 -4.167e-04 -1.602e-04 -5.886e-05 -5.047e-05 -2.724e-06
 8.771e+00 -4.200e-04 -1.639e-04 -5.912e-05 -5.077e-05 -2.666e-06
 8.821e+00 -4.232e-04 -1.676e-04 -6.148e-05 -5.106e-05 -2.647e-06
 8.872e+00 -4.379e-04 -1.693e-04 -6.172e-05 -5.133e-05 -3.050e-06
 8.923e+00 -4.409e-04 -1.751e-04 -6.195e-05 -5.382e-05 -2.903e-06
 8.974e+00 -4.438e-04 -1.767e-04 -6.004e-05 -5.185e-05 -2.924e-06
 9.025e+00 -4.545e-04 -1.804e-04 -6.236e-05 -5.208e-05 -2.683e-06
 9.076e+00 -4.730e-04 -1.840e-04 -6.469e-05 -5.231e-05 -3.004e-06
 9.127e+00 -4.757e-04 -1.876e-04 -6.486e-05 -5.252e-05 -3.151e-06
 9.179e+00 -4.782e-04 -1.891e-04 -6.502e-05 -5.272e-05 -2.947e-06
 9.231e+00 -4.806e-04 -1.905e-04 -6.516e-05 -5.290e-05 -3.225e-06
 9.282e+00 -4.828e-04 -1.940e-04 -6.744e-05 -5.308e-05 -3.148e-06
 9.334e+00 -4.848e-04 -1.930e-04 -6.755e-05 -5.094e-05 -3.292e-06
 9.386e+00 -4.868e-04 -1.986e-04 -6.549e-05 -4.878e-05 -3.166e-06
 9.437e+00 -4.721e-04 -1.997e-04 -6.774e-05 -5.352e-05 -3.575e-06
 9.489e+00 -4.738e-04 -2.030e-04 -6.565e-05 -5.133e-05 -3.268e-06
 9.541e+00 -4.918e-04 -2.040e-04 -6.571e-05 -5.144e-05 -3.451e-06
 9.594e+00 -4.767e-04 -2.049e-04 -6.793e-05 -4.689e-05 -3.947e-06
 9.646e+00 -4.655e-04 -2.058e-04 -6.580e-05 -4.698e-05 -3.275e-06
 9.700e+00 -4.751e-04 -2.067e-04 -6.800e-05 -4.939e-05 -3.634e-06
 9.752e+00 -4.805e-04 -2.074e-04 -6.585e-05 -4.713e-05 -3.498e-06
 9.805e+00 -4.732e-04 -2.082e-04 -6.587e-05 -4.486e-05 -3.764e-06
 9.857e+00 -4.784e-04 -2.111e-04 -6.588e-05 -4.492e-05 -3.357e-06
 9.910e+00 -4.752e-04 -2.140e-04 -6.589e-05 -4.205e-05 -3.890e-06
 9.963e+00 -4.804e-04 -2.123e-04 -6.590e-05 -3.917e-05 -3.661e-06
 1.002e+01 -4.772e-04 -2.129e-04 -6.373e-05 -3.804e-05 -3.566e-06
 1.007e+01 -4.654e-04 -2.134e-04 -6.591e-05 -3.691e-05 -3.916e-06
 1.012e+01 -4.749e-04 -2.139e-04 -6.373e-05 -3.754e-05 -3.598e-06
 1.018e+01 -4.758e-04 -2.098e-04 -6.592e-05 -3.523e-05 -3.281e-06
 1.023e+01 -4.684e-04 -2.103e-04 -6.375e-05 -3.351e-05 -3.319e-06
 1.028e+01 -4.524e-04 -2.107e-04 -6.158e-05 -3.119e-05 -3.445e-06
 1.034e+01 -4.492e-04 -2.135e-04 -6.378e-05 -3.006e-05 -3.483e-06
 1.039e+01 -4.460e-04 -2.093e-04 -6.162e-05 -2.714e-05 -3.345e-06
 1.045e+01 -4.386e-04 -2.075e-04 -6.165e-05 -2.422e-05 -3.120e-06
 1.050e+01 -4.270e-04 -2.126e-04 -5.951e-05 -2.427e-05 -2.897e-06
 1.055e+01 -4.197e-04 -2.131e-04 -5.736e-05 -2.432e-05 -3.025e-06
 1.061e+01 -4.080e-04 -2.090e-04 -5.960e-05 -2.019e-05 -2.672e-06
 1.066e+01 -4.226e-04 -2.048e-04 -5.966e-05 -1.784e-05 -3.284e-06
 1.072e+01 -4.067e-04 -2.101e-04 -5.754e-05 -1.398e-05 -3.151e-06
 1.077e+01 -3.909e-04 -2.107e-04 -5.378e-05 -1.206e-05 -2.626e-06
 1.083e+01 -3.882e-04 -2.042e-04 -5.331e-05 -1.134e-05 -2.715e-06
 1.088e+01 -3.768e-04 -2.121e-04 -5.065e-05 -1.063e-05 -2.805e-06
 1.094e+01 -3.787e-04 -2.056e-04 -5.130e-05 -5.942e-06 -2.853e-06
 1.099e+01 -3.628e-04 -2.064e-04 -5.141e-05 -3.059e-06 -2.308e-06
 1.105e+01 -3.694e-04 -2.120e-04 -4.987e-05 -4.916e-06 -2.687e-06
 1.110e+01 -3.989e-04 -2.057e-04 -5.221e-05 -9.259e-07 -2.738e-06
 1.116e+01 -3.695e-04 -2.114e-04 -4.734e-05 -3.256e-06 -2.448e-06
 1.121e+01 -3.583e-04 -2.100e-04 -5.083e-05 -7.792e-07 -2.890e-06
 1.127e+01 -3.654e-04 -2.135e-04 -4.931e-05  4.700e-07 -2.545e-06
 1.133e+01 -3.356e-04 -2.171e-04 -4.891e-05  2.364e-06 -2.647e-06
 1.138e+01 -3.805e-04 -2.133e-04 -4.739e-05  2.219e-06 -3.246e-06
 1.144e+01 -3.409e-04 -2.170e-04 -4.360e-05  3.987e-06 -2.528e-06
 1.149e+01 -3.438e-04 -2.208e-04 -4.434e-05  7.223e-06 -2.372e-06
 1.155e+01 -3.564e-04 -2.247e-04 -4.395e-05  8.563e-06 -3.077e-06
 1.161e+01 -3.304e-04 -2.236e-04 -4.470e-05  8.621e-06 -2.914e-06
 1.166e+01 -3.432e-04 -2.276e-04 -4.317e-05  1.523e-05 -3.216e-06
 1.172e+01 -3.105e-04 -2.266e-04 -4.278e-05  1.468e-05 -3.102e-06
 1.178e+01 -2.898e-04 -2.230e-04 -4.239e-05  1.678e-05 -3.271e-06
 1.183e+01 -3.354e-04 -2.298e-04 -4.025e-05  1.825e-05 -2.966e-06
 1.189e+01 -3.044e-04 -2.316e-04 -3.869e-05  1.906e-05 -3.478e-06
 1.195e+01 -2.907e-04 -2.333e-04 -3.533e-05  2.193e-05 -3.512e-06
 1.201e+01 -2.897e-04 -2.324e-04 -3.136e-05  2.552e-05 -4.140e-06
 1.206e+01 -2.676e-04 -2.315e-04 -3.627e-05  2.503e-05 -3.885e-06
 1.212e+01 -2.729e-04 -2.280e-04 -3.465e-05  3.148e-05 -4.180e-06
 1.218e+01 -2.461e-04 -2.325e-04 -3.301e-05  3.873e-05 -4.074e-06
 1.223e+01 -2.188e-04 -2.399e-04 -2.819e-05  4.467e-05 -4.378e-06
 1.229e+01 -1.745e-04 -2.307e-04 -2.756e-05  4.500e-05 -4.741e-06
 1.235e+01 -1.541e-04 -2.214e-04 -2.190e-05  5.392e-05 -4.638e-06
 1.241e+01 -8.885e-05 -2.204e-04 -2.337e-05  6.296e-05 -4.586e-06
 1.247e+01 -8.404e-05 -2.081e-04 -1.964e-05  6.631e-05 -4.803e-06
 1.252e+01 -1.130e-05 -1.926e-04 -1.910e-05  6.968e-05 -5.023e-06
 1.258e+01 -2.847e-05 -1.913e-04 -2.490e-05  4.656e-05 -5.965e-06
 1.264e+01 -2.955e-04 -2.339e-04 -5.154e-05 -1.592e-05 -5.083e-06
 1.270e+01 -7.109e-04 -3.538e-04 -9.035e-05 -1.197e-04 -5.591e-06
 1.276e+01 -6.517e-04 -3.927e-04 -8.565e-05 -1.054e-04 -5.822e-06
 1.282e+01 -2.269e-04 -2.461e-04 -3.386e-05 -4.705e-06 -6.690e-06
 1.287e+01 -4.772e-04 -3.271e-04 -5.975e-05 -3.537e-05 -5.766e-06
 1.293e+01 -4.917e-04 -3.302e-04 -6.874e-05 -4.845e-05 -5.879e-06
 1.299e+01 -4.884e-04 -3.211e-04 -7.398e-05 -5.476e-05 -4.389e-06
 1.305e+01 -5.508e-04 -3.370e-04 -6.275e-05 -5.423e-05 -2.049e-06
 1.311e+01 -5.113e-04 -3.155e-04 -5.908e-05 -3.674e-05 -2.110e-06
 1.317e+01 -4.895e-04 -3.574e-04 -6.175e-05 -4.460e-05 -2.352e-06
 1.323e+01 -4.736e-04 -3.490e-04 -6.252e-05 -4.709e-05 -2.291e-06
 1.329e+01 -4.881e-04 -3.537e-04 -6.968e-05 -5.349e-05 -2.749e-06
 1.335e+01 -5.519e-04 -3.590e-04 -6.727e-05 -6.307e-05 -1.930e-06
 1.341e+01 -5.489e-04 -3.649e-04 -6.999e-05 -6.960e-05 -2.450e-06
 1.347e+01 -4.902e-04 -3.716e-04 -7.274e-05 -6.361e-05 -3.270e-06
 1.353e+01 -6.188e-04 -4.074e-04 -7.552e-05 -7.660e-05 -2.938e-06
 1.359e+01 -5.673e-04 -4.313e-04 -7.836e-05 -8.341e-05 -3.827e-06
 1.365e+01 -6.623e-04 -4.430e-04 -7.866e-05 -8.719e-05 -3.902e-06
 1.371e+01 -6.316e-04 -4.414e-04 -8.162e-05 -8.789e-05 -3.205e-06
 1.377e+01 -6.996e-04 -4.570e-04 -8.206e-05 -9.852e-05 -3.042e-06
 1.383e+01 -6.187e-04 -4.922e-04 -9.051e-05 -9.963e-05 -4.454e-06
 1.389e+01 -6.250e-04 -5.159e-04 -9.120e-05 -1.077e-04 -4.668e-06
 1.395e+01 -6.550e-04 -5.634e-04 -9.203e-05 -1.230e-04 -4.631e-06
 1.401e+01 -7.687e-04 -6.018e-04 -9.303e-05 -1.254e-04 -3.889e-06
 1.407e+01 -7.903e-04 -6.723e-04 -1.053e-04 -1.355e-04 -4.580e-06
 1.413e+01 -8.735e-04 -7.404e-04 -1.041e-04 -1.502e-04 -5.827e-06
 1.419e+01 -8.981e-04 -8.348e-04 -1.003e-04 -1.515e-04 -4.571e-06
 1.425e+01 -9.892e-04 -9.773e-04 -1.229e-04 -1.736e-04 -6.511e-06
 1.431e+01 -1.143e-03 -1.238e-03 -1.202e-04 -1.946e-04 -6.177e-06
 1.437e+01 -1.357e-03 -1.608e-03 -1.269e-04 -1.975e-04 -6.943e-06
 1.443e+01 -1.556e-03 -2.741e-03 -1.444e-04 -2.403e-04 -6.531e-06
 1.450e+01 -1.926e-03 -8.060e-03 -1.640e-04 -2.625e-04 -7.472e-06
 1.456e+01 -2.339e-03  6.667e-03 -1.726e-04 -2.988e-04 -9.672e-06
 1.462e+01 -3.608e-03  2.360e-03 -1.834e-04 -3.772e-04 -7.987e-06
 1.468e+01 -8.634e-03  1.323e-03 -2.094e-04 -4.552e-04 -1.143e-05
 1.474e+01  2.083e-02  8.512e-04 -2.203e-04 -6.237e-04 -1.247e-05
 1.480e+01  4.515e-03  6.692e-04 -2.659e-04 -9.580e-04 -1.573e-05
 1.486e+01  2.636e-03  5.479e-04 -3.356e-04 -2.383e-03 -2.123e-05
 1.493e+01  1.648e-03  4.176e-04 -3.632e-04  4.559e-03 -3.212e-05
 1.499e+01  1.327e-03  3.740e-04 -5.050e-04  1.103e-03 -5.869e-05
 1.505e+01  9.688e-04  3.140e-04 -8.257e-04  6.446e-04  9.424e-04
 1.511e+01  8.311e-04  2.603e-04 -1.840e-03  4.285e-04  4.415e-05
 1.517e+01  7.442e-04  2.302e-04  7.519e-03  3.309e-04  2.481e-05
 1.523e+01  5.792e-04  2.000e-04  1.165e-03  2.554e-04  1.700e-05
 1.530e+01  5.013e-04  1.751e-04  6.572e-04  2.043e-04  1.111e-05
 1.536e+01  4.487e-04  1.544e-04  4.187e-04  1.677e-04  9.070e-06
 1.542e+01  4.303e-04  1.441e-04  3.086e-04  1.479e-04  7.480e-06
 1.548e+01  3.591e-04  1.249e-04  2.529e-04  1.251e-04  5.711e-06
 1.555e+01  3.542e-04  1.204e-04  2.028e-04  1.076e-04  4.946e-06
 1.561e+01  3.073e-04  1.134e-04  1.756e-04  9.345e-05  4.038e-06
 1.567e+01  2.883e-04  1.023e-04  1.475e-04  8.184e-05  3.423e-06
 1.573e+01  2.530e-04  9.690e-05  1.320e-04  7.588e-05  3.297e-06
 1.580e+01  2.473e-04  8.804e-05  1.140e-04  6.407e-05  2.531e-06
 1.586e+01  2.191e-04  8.023e-05  9.484e-05  6.011e-05  2.423e-06
 1.592e+01  2.081e-04  7.492e-05  8.758e-05  5.130e-05  2.218e-06
 1.598e+01  1.948e-04  7.303e-05  7.766e-05  4.859e-05  1.996e-06
 1.605e+01  1.938e-04  7.247e-05  7.256e-05  4.396e-05  1.842e-06
 1.611e+01  1.842e-04  6.784e-05  6.497e-05  3.984e-05  1.733e-06
 1.618e+01  1.710e-04  6.833e-05  5.863e-05  3.632e-05  1.548e-06
 1.624e+01  1.697e-04  6.746e-05  5.554e-05  3.485e-05  1.361e-06
 1.630e+01  1.641e-04  6.356e-05  5.058e-05  3.198e-05  1.224e-06
 1.636e+01  1.517e-04  6.182e-05  4.823e-05  2.808e-05  1.191e-06
 1.643e+01  1.471e-04  6.438e-05  4.426e-05  2.719e-05  1.196e-06
 1.649e+01  1.428e-04  6.012e-05  4.077e-05  2.518e-05  1.104e-06
 1.655e+01  1.330e-04  5.923e-05  3.768e-05  2.339e-05  1.037e-06
 1.662e+01  1.241e-04  5.834e-05  3.494e-05  2.178e-05  8.579e-07
 1.668e+01  1.212e-04  6.007e-05  3.251e-05  2.034e-05  7.987e-07
 1.675e+01  1.135e-04  5.652e-05  3.028e-05  1.902e-05  8.304e-07
 1.681e+01  1.068e-04  5.338e-05  2.951e-05  1.786e-05  7.410e-07
 1.687e+01  1.007e-04  5.272e-05  2.662e-05  1.681e-05  6.306e-07
 1.694e+01  9.524e-05  5.003e-05  2.507e-05  1.514e-05  6.022e-07
 1.700e+01  9.029e-05  4.758e-05  2.368e-05  1.433e-05  5.308e-07
 1.706e+01  8.582e-05  4.725e-05  2.244e-05  1.361e-05  4.844e-07
 1.713e+01  8.180e-05  4.516e-05  2.132e-05  1.295e-05  4.118e-07
 1.719e+01  7.819e-05  4.328e-05  2.033e-05  1.237e-05  4.058e-07
 1.726e+01  7.494e-05  4.158e-05  1.944e-05  1.127e-05  3.115e-07
 1.732e+01  7.205e-05  4.006e-05  1.864e-05  1.082e-05  3.362e-07
 1.739e+01  6.941e-05  4.022e-05  1.793e-05  1.042e-05  3.033e-07
 1.745e+01  6.714e-05  3.897e-05  1.660e-05  1.007e-05  2.575e-07
 1.751e+01  6.515e-05  3.788e-05  1.608e-05  9.766e-06  2.640e-07
 1.758e+01  6.343e-05  3.693e-05  1.631e-05  9.503e-06  2.396e-07
 1.764e+01  6.197e-05  3.612e-05  1.592e-05  9.280e-06  2.318e-07
 1.771e+01  6.076e-05  3.546e-05  1.559e-05  9.096e-06  2.067e-07
 1.777e+01  6.228e-05  3.627e-05  1.533e-05  8.950e-06  2.097e-07
 1.784e+01  5.909e-05  3.586e-05  1.514e-05  8.841e-06  2.003e-07
 1.790e+01  6.105e-05  3.559e-05  1.440e-05  8.770e-06  2.113e-07
 1.797e+01  6.082e-05  3.546e-05  1.496e-05  8.737e-06  1.915e-07
 1.803e+01  6.088e-05  3.549e-05  1.436e-05  8.298e-06  1.950e-07
 1.810e+01  6.123e-05  3.569e-05  1.506e-05  8.796e-06  1.777e-07
 1.816e+01  6.188e-05  3.605e-05  1.523e-05  8.892e-06  1.754e-07
 1.823e+01  6.288e-05  3.660e-05  1.549e-05  8.576e-06  1.638e-07
 1.829e+01  6.425e-05  3.736e-05  1.584e-05  9.238e-06  1.276e-07
 1.836e+01  6.604e-05  3.834e-05  1.630e-05  9.015e-06  1.215e-07
 1.842e+01  6.830e-05  3.959e-05  1.620e-05  9.833e-06  1.252e-07
 1.849e+01  7.112e-05  4.113e-05  1.690e-05  9.723e-06  1.322e-07
 1.855e+01  7.459e-05  4.462e-05  1.777e-05  1.076e-05  1.364e-07
 1.862e+01  8.196e-05  4.702e-05  1.883e-05  1.138e-05  1.440e-07
 1.869e+01 -9.999e+00 -9.999e+00 -9.999e+00 -9.999e+00  1.432e-07
 1.875e+01 -9.999e+00 -9.999e+00 -9.999e+00 -9.999e+00  1.517e-07
 1.882e+01 -9.999e+00 -9.999e+00 -9.999e+00 -9.999e+00  1.580e-07
 1.888e+01 -9.999e+00 -9.999e+00 -9.999e+00 -9.999e+00  1.710e-07
 1.895e+01 -9.999e+00 -9.999e+00 -9.999e+00 -9.999e+00  1.700e-07
 1.901e+01 -9.999e+00 -9.999e+00 -9.999e+00 -9.999e+00  1.820e-07
 1.908e+01 -9.999e+00 -9.999e+00 -9.999e+00 -9.999e+00  1.953e-07
 1.915e+01 -9.999e+00 -9.999e+00 -9.999e+00 -9.999e+00  2.007e-07
 1.921e+01 -9.999e+00 -9.999e+00 -9.999e+00 -9.999e+00  2.141e-07
 1.928e+01 -9.999e+00 -9.999e+00 -9.999e+00 -9.999e+00  2.260e-07
