 3.981e-01  9.409e-04  6.353e-04  2.863e-04  4.448e-04 -1.439e-04
 4.058e-01  5.930e-04  3.266e-04  1.523e-04  2.224e-04 -2.032e-04
 4.136e-01  2.555e-04  7.253e-05  5.631e-05  6.704e-05  1.576e-04
 4.214e-01  2.350e-04  6.002e-05  5.172e-05  6.049e-05  1.645e-04
 4.292e-01  2.656e-04  8.147e-05  4.257e-05  4.740e-05  7.080e-05
 4.370e-01  2.756e-04  7.688e-05  1.519e-05  1.226e-05  7.004e-06
 4.449e-01  2.245e-04  6.325e-05  1.480e-05  1.185e-05  5.566e-06
 4.527e-01  2.040e-04  5.867e-05  1.479e-05  1.144e-05  5.155e-06
 4.606e-01  2.141e-04  6.086e-05  1.364e-05  1.062e-05  5.362e-06
 4.685e-01  2.038e-04  5.628e-05  1.401e-05  1.062e-05  4.845e-06
 4.780e-01  1.934e-04  5.619e-05  1.362e-05  1.021e-05  4.430e-06
 4.886e-01  1.933e-04  5.385e-05  1.247e-05  1.062e-05  4.322e-06
 4.992e-01  1.626e-04  4.591e-05  1.245e-05  1.021e-05  2.980e-06
 5.098e-01  1.549e-04  4.582e-05  1.319e-05  1.020e-05  2.564e-06
 5.204e-01  1.573e-04  4.461e-05  1.354e-05  1.020e-05  2.660e-06
 5.311e-01  1.825e-04  5.008e-05  1.390e-05  1.061e-05  3.775e-06
 5.417e-01  1.621e-04  4.553e-05  1.313e-05  1.021e-05  2.848e-06
 5.525e-01  1.721e-04  4.654e-05  1.348e-05  1.061e-05  3.041e-06
 5.632e-01  2.023e-04  5.086e-05  1.421e-05  1.143e-05  3.939e-06
 5.740e-01  1.920e-04  5.075e-05  1.418e-05  1.185e-05  3.118e-06
 5.865e-01  1.918e-04  5.171e-05  1.416e-05  1.103e-05  2.903e-06
 6.001e-01  1.816e-04  5.377e-05  1.450e-05  1.145e-05  2.289e-06
 6.137e-01  1.714e-04  5.690e-05  1.447e-05  1.187e-05  1.781e-06
 6.273e-01  1.713e-04  5.893e-05  1.518e-05  1.188e-05  1.573e-06
 6.410e-01  1.914e-04  6.314e-05  1.515e-05  1.231e-05  1.759e-06
 6.547e-01  1.913e-04  6.407e-05  1.586e-05  1.150e-05  1.650e-06
 6.685e-01  2.014e-04  6.933e-05  1.583e-05  1.276e-05  1.543e-06
 6.824e-01  2.115e-04  6.918e-05  1.617e-05  1.319e-05  1.629e-06
 6.963e-01  2.116e-04  6.903e-05  1.651e-05  1.363e-05  1.523e-06
 7.102e-01  2.217e-04  6.890e-05  1.612e-05  1.284e-05  1.513e-06
 7.260e-01  2.421e-04  7.307e-05  1.682e-05  1.412e-05  1.784e-06
 7.429e-01  2.727e-04  7.723e-05  1.679e-05  1.334e-05  1.957e-06
 7.598e-01  2.730e-04  7.711e-05  1.713e-05  1.339e-05  2.313e-06
 7.769e-01  2.837e-04  7.702e-05  1.820e-05  1.387e-05  2.481e-06
 7.940e-01  3.451e-04  8.551e-05  1.782e-05  1.394e-05  2.465e-06
 8.111e-01  3.256e-04  7.692e-05  1.744e-05  1.401e-05  2.722e-06
 8.284e-01  3.265e-04  7.691e-05  1.742e-05  1.409e-05  2.798e-06
 8.457e-01  3.274e-04  7.692e-05  1.777e-05  1.332e-05  3.053e-06
 8.632e-01  3.490e-04  8.124e-05  1.777e-05  1.340e-05  3.039e-06
 8.807e-01  3.605e-04  8.131e-05  1.812e-05  1.306e-05  3.384e-06
 9.003e-01  3.620e-04  8.142e-05  1.812e-05  1.316e-05  3.371e-06
 9.209e-01  3.533e-04  7.728e-05  1.776e-05  1.372e-05  3.360e-06
 9.417e-01  3.655e-04  7.316e-05  1.849e-05  1.295e-05  3.264e-06
 9.625e-01  3.778e-04  7.768e-05  1.814e-05  1.217e-05  3.611e-06
 9.835e-01  4.220e-04  8.225e-05  1.851e-05  1.138e-05  4.136e-06
 1.005e+00  4.030e-04  8.255e-05  1.780e-05  1.103e-05  3.871e-06
 1.026e+00  5.759e-04  1.134e-04  2.000e-05  1.114e-05  5.633e-06
 1.047e+00  6.433e-04  1.226e-04  2.038e-05  1.032e-05  6.344e-06
 1.069e+00  6.900e-04  1.276e-04  2.004e-05  9.480e-06  7.060e-06
 1.090e+00  7.370e-04  1.238e-04  2.043e-05  9.579e-06  7.781e-06
 1.114e+00  7.412e-04  1.156e-04  1.973e-05  9.206e-06  7.447e-06
 1.139e+00  7.017e-04  1.207e-04  2.012e-05  7.845e-06  7.470e-06
 1.164e+00  8.867e-04  1.485e-04  2.125e-05  7.937e-06  8.924e-06
 1.190e+00  1.077e-03  1.947e-04  2.091e-05  6.148e-06  1.039e-05
 1.215e+00  1.167e-03  2.096e-04  2.351e-05  7.106e-06  1.367e-05
 1.241e+00  1.212e-03  2.018e-04  2.501e-05  6.159e-06  1.372e-05
 1.267e+00  1.077e-03  2.123e-04  2.209e-05  5.447e-06  1.124e-05
 1.293e+00  6.172e-04  1.487e-04  1.806e-05  5.504e-06  5.551e-06
 1.319e+00  3.816e-04  1.169e-04  1.771e-05  4.765e-06  3.654e-06
 1.345e+00  1.431e-04  3.742e-05  1.370e-05  4.678e-06  9.170e-07
 1.374e+00  1.459e-04  3.631e-05  1.376e-05  4.321e-06  1.036e-06
 1.404e+00  1.599e-04  3.978e-05  1.346e-05  4.229e-06  1.571e-06
 1.434e+00  1.487e-04  3.616e-05  1.391e-05  4.545e-06  1.253e-06
 1.465e+00  1.515e-04  3.717e-05  1.323e-05  5.840e-06  1.420e-06
 1.496e+00  1.571e-04  4.161e-05  1.369e-05  4.770e-06  1.589e-06
 1.527e+00  1.599e-04  4.484e-05  1.492e-05  5.095e-06  1.876e-06
 1.558e+00  1.459e-04  4.231e-05  1.464e-05  5.282e-06  1.600e-06
 1.589e+00  1.403e-04  3.868e-05  1.512e-05  4.750e-06  1.393e-06
 1.621e+00  1.571e-04  3.848e-05  1.445e-05  5.660e-06  1.161e-06
 1.653e+00  4.601e-04  5.857e-05  1.731e-05  6.145e-06  3.233e-06
 1.687e+00  1.796e-04  4.147e-05  1.586e-05  7.083e-06  2.195e-06
 1.723e+00  1.683e-04  3.793e-05  1.599e-05  6.996e-06  1.916e-06
 1.759e+00  1.655e-04  3.888e-05  1.652e-05  7.658e-06  1.827e-06
 1.796e+00  1.711e-04  3.873e-05  1.666e-05  8.329e-06  1.738e-06
 1.833e+00  1.767e-04  3.859e-05  1.761e-05  9.774e-06  1.841e-06
 1.870e+00  1.739e-04  3.956e-05  1.817e-05  1.047e-05  2.042e-06
 1.907e+00  1.767e-04  3.944e-05  1.914e-05  1.118e-05  1.952e-06
 1.944e+00  1.796e-04  4.042e-05  1.971e-05  1.252e-05  1.959e-06
 1.982e+00  1.796e-04  4.141e-05  1.986e-05  1.514e-05  1.867e-06
 2.020e+00  1.767e-04  4.132e-05  2.042e-05  1.462e-05  1.774e-06
 2.062e+00  1.739e-04  4.122e-05  2.143e-05  1.602e-05  1.532e-06
 2.104e+00  1.683e-04  4.006e-05  2.158e-05  1.678e-05  1.338e-06
 2.147e+00  1.796e-04  4.107e-05  2.258e-05  1.820e-05  1.391e-06
 2.190e+00  1.796e-04  4.316e-05  2.271e-05  1.897e-05  1.544e-06
 2.234e+00  1.796e-04  4.202e-05  2.152e-05  1.909e-05  1.572e-06
 2.278e+00  1.796e-04  4.305e-05  2.206e-05  2.051e-05  1.349e-06
 2.322e+00  1.796e-04  4.300e-05  2.303e-05  2.127e-05  1.251e-06
 2.367e+00  1.796e-04  4.297e-05  2.356e-05  2.135e-05  1.352e-06
 2.411e+00  1.796e-04  4.401e-05  2.407e-05  2.342e-05  1.353e-06
 2.457e+00  1.908e-04  4.506e-05  2.456e-05  2.482e-05  1.404e-06
 2.505e+00  1.908e-04  4.612e-05  2.460e-05  2.486e-05  1.529e-06
 2.555e+00  1.908e-04  4.719e-05  2.641e-05  2.623e-05  1.804e-06
 2.606e+00  2.020e-04  4.826e-05  2.597e-05  2.825e-05  1.904e-06
 2.656e+00  2.020e-04  4.827e-05  2.729e-05  2.823e-05  1.802e-06
 2.707e+00  2.020e-04  4.935e-05  2.636e-05  2.885e-05  2.100e-06
 2.759e+00  2.132e-04  5.153e-05  2.630e-05  2.945e-05  2.197e-06
 2.811e+00  2.132e-04  5.156e-05  2.711e-05  3.002e-05  2.193e-06
 2.863e+00  2.132e-04  5.268e-05  2.702e-05  3.057e-05  2.189e-06
 2.915e+00  2.132e-04  5.381e-05  2.691e-05  3.241e-05  2.184e-06
 2.968e+00  2.132e-04  5.387e-05  2.678e-05  3.159e-05  2.080e-06
 3.014e+00  2.244e-04  5.501e-05  2.710e-05  3.143e-05  2.174e-06
 3.049e+00  2.244e-04  5.399e-05  2.700e-05  3.130e-05  2.170e-06
 3.085e+00  2.244e-04  5.621e-05  2.690e-05  3.182e-05  2.068e-06
 3.121e+00  2.244e-04  5.519e-05  2.765e-05  3.103e-05  1.965e-06
 3.157e+00  2.357e-04  5.634e-05  2.582e-05  3.217e-05  1.961e-06
 3.193e+00  2.244e-04  5.642e-05  2.656e-05  3.138e-05  1.957e-06
 3.230e+00  2.132e-04  5.650e-05  2.601e-05  3.186e-05  1.953e-06
 3.266e+00  2.244e-04  5.658e-05  2.631e-05  3.170e-05  2.046e-06
 3.303e+00  2.357e-04  5.885e-05  2.576e-05  3.154e-05  2.236e-06
 3.340e+00  2.244e-04  5.895e-05  2.564e-05  3.012e-05  2.231e-06
 3.378e+00  2.244e-04  5.796e-05  2.593e-05  3.058e-05  2.226e-06
 3.415e+00  2.244e-04  5.917e-05  2.579e-05  3.042e-05  2.221e-06
 3.452e+00  2.244e-04  5.819e-05  2.525e-05  3.088e-05  2.216e-06
 3.490e+00  2.244e-04  5.830e-05  2.471e-05  3.010e-05  2.115e-06
 3.527e+00  2.244e-04  5.623e-05  2.458e-05  2.932e-05  1.727e-06
 3.565e+00  1.908e-04  5.414e-05  2.404e-05  2.917e-05  1.197e-06
 3.603e+00  1.908e-04  5.427e-05  2.432e-05  2.961e-05  1.099e-06
 3.641e+00  1.908e-04  5.441e-05  2.379e-05  2.885e-05  1.311e-06
 3.679e+00  2.020e-04  5.678e-05  2.447e-05  2.989e-05  1.522e-06
 3.717e+00  2.020e-04  5.582e-05  2.475e-05  2.854e-05  1.519e-06
 3.757e+00  2.020e-04  5.598e-05  2.303e-05  2.897e-05  1.350e-06
 3.795e+00  2.020e-04  5.615e-05  2.410e-05  2.882e-05  1.300e-06
 3.834e+00  2.020e-04  5.745e-05  2.438e-05  2.983e-05  1.274e-06
 3.872e+00  2.020e-04  5.651e-05  2.426e-05  2.967e-05  1.319e-06
 3.911e+00  2.020e-04  5.670e-05  2.453e-05  2.951e-05  1.175e-06
 3.950e+00  2.020e-04  5.576e-05  2.403e-05  2.877e-05  1.055e-06
 3.990e+00  2.020e-04  5.595e-05  2.392e-05  2.976e-05  1.053e-06
 4.029e+00  2.020e-04  5.501e-05  2.382e-05  2.846e-05  1.121e-06
 4.068e+00  2.020e-04  5.520e-05  2.410e-05  2.886e-05  1.026e-06
 4.108e+00  2.020e-04  5.424e-05  2.324e-05  2.870e-05  1.024e-06
 4.148e+00  1.908e-04  5.327e-05  2.314e-05  2.797e-05  9.287e-07
 4.188e+00  1.908e-04  5.227e-05  2.306e-05  2.781e-05  8.805e-07
 4.228e+00  1.908e-04  5.125e-05  2.297e-05  2.709e-05  8.556e-07
 4.268e+00  1.908e-04  5.021e-05  2.252e-05  2.692e-05  8.538e-07
 4.308e+00  1.796e-04  5.147e-05  2.244e-05  2.621e-05  8.290e-07
 4.349e+00  1.908e-04  5.152e-05  2.237e-05  2.605e-05  8.042e-07
 4.389e+00  1.908e-04  5.036e-05  2.230e-05  2.534e-05  7.566e-07
 4.430e+00  1.796e-04  4.914e-05  2.187e-05  2.517e-05  7.092e-07
 4.470e+00  1.796e-04  4.903e-05  2.144e-05  2.447e-05  7.533e-07
 4.511e+00  1.796e-04  4.903e-05  2.213e-05  2.431e-05  8.428e-07
 4.553e+00  1.908e-04  4.880e-05  2.212e-05  2.466e-05  7.954e-07
 4.594e+00  1.796e-04  4.974e-05  2.173e-05  2.396e-05  7.937e-07
 4.635e+00  1.908e-04  4.952e-05  2.172e-05  2.275e-05  8.145e-07
 4.676e+00  1.796e-04  4.815e-05  2.170e-05  2.361e-05  8.353e-07
 4.718e+00  1.796e-04  4.794e-05  2.131e-05  2.292e-05  8.785e-07
 4.759e+00  1.796e-04  4.545e-05  1.982e-05  2.072e-05  9.216e-07
 4.801e+00  1.796e-04  4.526e-05  2.017e-05  2.056e-05  8.748e-07
 4.842e+00  1.767e-04  4.506e-05  1.979e-05  1.941e-05  9.177e-07
 4.884e+00  1.760e-04  4.375e-05  2.087e-05  2.123e-05  8.488e-07
 4.926e+00  1.753e-04  4.469e-05  2.085e-05  2.057e-05  7.803e-07
 4.969e+00  1.719e-04  4.450e-05  2.083e-05  2.040e-05  7.788e-07
 5.011e+00  1.685e-04  4.211e-05  1.935e-05  1.879e-05  7.996e-07
 5.053e+00  1.651e-04  4.085e-05  1.897e-05  1.816e-05  8.205e-07
 5.096e+00  1.671e-04  3.960e-05  1.859e-05  1.802e-05  8.635e-07
 5.138e+00  1.557e-04  3.946e-05  1.893e-05  1.740e-05  8.623e-07
 5.181e+00  1.523e-04  3.824e-05  1.928e-05  1.679e-05  9.054e-07
 5.223e+00  1.570e-04  3.920e-05  1.854e-05  1.620e-05  9.926e-07
 5.266e+00  1.484e-04  3.692e-05  1.780e-05  1.607e-05  9.476e-07
 5.309e+00  1.531e-04  3.681e-05  1.743e-05  1.549e-05  9.248e-07
 5.352e+00  1.498e-04  3.672e-05  1.705e-05  1.628e-05  9.463e-07
 5.396e+00  1.440e-04  3.556e-05  1.741e-05  1.481e-05  9.680e-07
 5.439e+00  1.434e-04  3.548e-05  1.632e-05  1.381e-05  9.678e-07
 5.483e+00  1.377e-04  3.327e-05  1.667e-05  1.371e-05  9.899e-07
 5.526e+00  1.346e-04  3.215e-05  1.595e-05  1.318e-05  9.682e-07
 5.569e+00  1.367e-04  3.104e-05  1.559e-05  1.265e-05  1.035e-06
 5.613e+00  1.336e-04  3.101e-05  1.523e-05  1.170e-05  1.036e-06
 5.657e+00  1.332e-04  2.992e-05  1.668e-05  1.292e-05  9.927e-07
 5.700e+00  1.277e-04  2.884e-05  1.596e-05  1.242e-05  9.720e-07
 5.744e+00  1.274e-04  2.884e-05  1.561e-05  1.192e-05  8.629e-07
 5.788e+00  1.220e-04  2.885e-05  1.490e-05  1.101e-05  8.203e-07
 5.834e+00  1.166e-04  2.673e-05  1.528e-05  1.096e-05  7.777e-07
 5.878e+00  1.189e-04  2.569e-05  1.457e-05  1.049e-05  9.579e-07
 5.922e+00  1.137e-04  2.465e-05  1.386e-05  9.607e-06  8.043e-07
 5.966e+00  1.135e-04  2.362e-05  1.352e-05  9.569e-06  8.293e-07
 6.011e+00  1.084e-04  2.367e-05  1.281e-05  8.290e-06  7.197e-07
 6.056e+00  1.083e-04  2.157e-05  1.247e-05  8.263e-06  7.902e-07
 6.100e+00  1.032e-04  2.163e-05  1.250e-05  7.828e-06  6.801e-07
 6.145e+00  1.007e-04  2.062e-05  1.143e-05  6.986e-06  7.060e-07
 6.190e+00  9.570e-05  1.851e-05  1.146e-05  6.561e-06  6.636e-07
 6.235e+00  9.325e-05  1.749e-05  1.112e-05  5.834e-06  6.901e-07
 6.281e+00  9.083e-05  1.757e-05  1.042e-05  5.826e-06  7.402e-07
 6.326e+00  8.843e-05  1.600e-05  1.008e-05  5.003e-06  6.283e-07
 6.372e+00  8.860e-05  1.553e-05  9.369e-06  4.490e-06  5.619e-07
 6.417e+00  7.864e-05  1.506e-05  8.654e-06  3.572e-06  7.070e-07
 6.463e+00  8.139e-05  1.403e-05  8.313e-06  3.879e-06  5.695e-07
 6.508e+00  7.143e-05  1.271e-05  7.591e-06  2.349e-06  5.976e-07
 6.554e+00  7.167e-05  1.080e-05  6.864e-06  1.534e-06  5.539e-07
 6.600e+00  6.423e-05  1.002e-05  6.898e-06  9.215e-07  3.156e-07
 6.646e+00  6.191e-05  7.788e-06  5.971e-06  3.077e-07  2.448e-07
 6.692e+00  5.701e-05  6.396e-06  4.551e-06 -6.168e-07  2.345e-07
 6.739e+00  5.469e-05  6.450e-06  4.772e-06 -1.031e-06  1.993e-07
 6.785e+00  4.713e-05  4.436e-06  3.331e-06 -2.585e-06  1.509e-07
 6.831e+00  5.002e-05  2.387e-06  3.548e-06 -1.867e-06  1.714e-07
 6.878e+00  3.907e-05  6.024e-07  2.182e-06 -3.436e-06  6.410e-08
 6.924e+00  3.399e-05 -6.083e-07  1.697e-06 -4.286e-06  1.684e-07
 6.971e+00  2.818e-05 -1.536e-06  7.033e-07 -6.405e-06  1.244e-07
 7.017e+00  2.635e-05 -3.104e-06 -2.023e-07 -6.751e-06  2.117e-07
 7.064e+00  1.837e-05 -5.020e-06 -9.169e-07 -8.058e-06  1.338e-07
 7.111e+00  1.852e-05 -8.565e-06 -2.668e-06 -8.527e-06  7.443e-08
 7.158e+00  7.604e-06 -1.027e-05 -3.307e-06 -1.072e-05  1.164e-07
 7.206e+00  3.486e-06 -1.136e-05 -3.958e-06 -9.921e-06  4.851e-08
 7.254e+00 -7.031e-06 -1.347e-05 -4.827e-06 -1.215e-05  9.120e-08
 7.301e+00 -4.256e-06 -1.563e-05 -5.605e-06 -1.354e-05 -7.103e-09
 7.348e+00 -1.289e-05 -1.684e-05 -7.247e-06 -1.407e-05 -1.223e-07
 7.396e+00 -2.384e-05 -2.046e-05 -8.163e-06 -1.461e-05 -3.133e-07
 7.443e+00 -2.772e-05 -2.349e-05 -8.661e-06 -1.605e-05 -2.584e-07
 7.491e+00 -3.830e-05 -2.519e-05 -1.004e-05 -1.707e-05 -3.665e-07
 7.539e+00 -4.017e-05 -2.695e-05 -1.188e-05 -1.765e-05 -4.700e-07
 7.587e+00 -4.734e-05 -3.019e-05 -1.331e-05 -1.961e-05 -5.225e-07
 7.635e+00 -5.770e-05 -3.351e-05 -1.431e-05 -2.068e-05 -6.543e-07
 7.684e+00 -6.446e-05 -3.547e-05 -1.533e-05 -2.178e-05 -7.268e-07
 7.732e+00 -7.134e-05 -3.746e-05 -1.682e-05 -2.335e-05 -5.447e-07
 7.781e+00 -8.464e-05 -4.102e-05 -1.787e-05 -2.402e-05 -6.173e-07
 7.829e+00 -9.188e-05 -4.468e-05 -1.848e-05 -2.611e-05 -8.236e-07
 7.877e+00 -9.607e-05 -4.843e-05 -2.049e-05 -2.728e-05 -9.688e-07
 7.926e+00 -1.036e-04 -4.912e-05 -2.159e-05 -2.944e-05 -7.791e-07
 7.975e+00 -1.145e-04 -5.302e-05 -2.318e-05 -2.968e-05 -1.134e-06
 8.024e+00 -1.224e-04 -5.703e-05 -2.431e-05 -3.140e-05 -9.055e-07
 8.072e+00 -1.337e-04 -5.948e-05 -2.594e-05 -3.364e-05 -9.533e-07
 8.122e+00 -1.419e-04 -6.367e-05 -2.710e-05 -3.391e-05 -7.158e-07
 8.172e+00 -1.434e-04 -6.458e-05 -2.681e-05 -3.419e-05 -7.620e-07
 8.221e+00 -1.518e-04 -6.719e-05 -2.896e-05 -3.649e-05 -9.192e-07
 8.270e+00 -1.638e-04 -6.985e-05 -3.015e-05 -3.678e-05 -8.195e-07
 8.320e+00 -1.725e-04 -7.433e-05 -3.036e-05 -3.913e-05 -8.300e-07
 8.369e+00 -1.743e-04 -7.711e-05 -3.206e-05 -3.942e-05 -7.258e-07
 8.419e+00 -1.760e-04 -7.993e-05 -3.428e-05 -3.763e-05 -9.280e-07
 8.469e+00 -1.885e-04 -8.096e-05 -3.448e-05 -4.001e-05 -1.056e-06
 8.519e+00 -1.939e-04 -8.570e-05 -3.469e-05 -4.241e-05 -9.894e-07
 8.569e+00 -1.994e-04 -8.864e-05 -3.693e-05 -4.270e-05 -7.603e-07
 8.619e+00 -2.049e-04 -9.161e-05 -3.919e-05 -4.513e-05 -1.092e-06
 8.670e+00 -2.179e-04 -9.464e-05 -3.732e-05 -4.327e-05 -1.063e-06
 8.721e+00 -2.235e-04 -9.766e-05 -3.958e-05 -4.571e-05 -1.073e-06
 8.771e+00 -2.253e-04 -1.007e-04 -3.976e-05 -4.598e-05 -9.997e-07
 8.821e+00 -2.270e-04 -1.038e-04 -4.204e-05 -4.624e-05 -9.664e-07
 8.872e+00 -2.402e-04 -1.048e-04 -4.220e-05 -4.649e-05 -1.356e-06
 8.923e+00 -2.419e-04 -1.099e-04 -4.236e-05 -4.895e-05 -1.195e-06
 8.974e+00 -2.435e-04 -1.110e-04 -4.038e-05 -4.695e-05 -1.204e-06
 9.025e+00 -2.529e-04 -1.140e-04 -4.264e-05 -4.717e-05 -9.521e-07
 9.076e+00 -2.703e-04 -1.171e-04 -4.491e-05 -4.737e-05 -1.263e-06
 9.127e+00 -2.718e-04 -1.202e-04 -4.502e-05 -4.756e-05 -1.401e-06
 9.179e+00 -2.733e-04 -1.211e-04 -4.514e-05 -4.775e-05 -1.188e-06
 9.231e+00 -2.746e-04 -1.220e-04 -4.523e-05 -4.791e-05 -1.458e-06
 9.282e+00 -2.759e-04 -1.250e-04 -4.748e-05 -4.807e-05 -1.375e-06
 9.334e+00 -2.770e-04 -1.236e-04 -4.756e-05 -4.592e-05 -1.512e-06
 9.386e+00 -2.781e-04 -1.288e-04 -4.546e-05 -4.374e-05 -1.383e-06
 9.437e+00 -2.628e-04 -1.295e-04 -4.769e-05 -4.847e-05 -1.788e-06
 9.489e+00 -2.637e-04 -1.324e-04 -4.557e-05 -4.627e-05 -1.477e-06
 9.541e+00 -2.810e-04 -1.330e-04 -4.561e-05 -4.637e-05 -1.658e-06
 9.594e+00 -2.653e-04 -1.337e-04 -4.782e-05 -4.181e-05 -2.153e-06
 9.646e+00 -2.536e-04 -1.342e-04 -4.568e-05 -4.189e-05 -1.481e-06
 9.700e+00 -2.626e-04 -1.348e-04 -4.788e-05 -4.429e-05 -1.839e-06
 9.752e+00 -2.674e-04 -1.353e-04 -4.572e-05 -4.202e-05 -1.704e-06
 9.805e+00 -2.596e-04 -1.358e-04 -4.573e-05 -3.975e-05 -1.972e-06
 9.857e+00 -2.644e-04 -1.385e-04 -4.574e-05 -3.980e-05 -1.567e-06
 9.910e+00 -2.607e-04 -1.411e-04 -4.574e-05 -3.692e-05 -2.101e-06
 9.963e+00 -2.655e-04 -1.393e-04 -4.575e-05 -3.403e-05 -1.875e-06
 1.002e+01 -2.618e-04 -1.396e-04 -4.357e-05 -3.290e-05 -1.783e-06
 1.007e+01 -2.496e-04 -1.400e-04 -4.575e-05 -3.176e-05 -2.136e-06
 1.012e+01 -2.586e-04 -1.403e-04 -4.358e-05 -3.239e-05 -1.821e-06
 1.018e+01 -2.592e-04 -1.360e-04 -4.576e-05 -3.007e-05 -1.507e-06
 1.023e+01 -2.512e-04 -1.363e-04 -4.359e-05 -2.834e-05 -1.549e-06
 1.028e+01 -2.347e-04 -1.366e-04 -4.142e-05 -2.602e-05 -1.678e-06
 1.034e+01 -2.310e-04 -1.392e-04 -4.361e-05 -2.487e-05 -1.719e-06
 1.039e+01 -2.273e-04 -1.349e-04 -4.145e-05 -2.195e-05 -1.585e-06
 1.045e+01 -2.193e-04 -1.329e-04 -4.147e-05 -1.902e-05 -1.362e-06
 1.050e+01 -2.070e-04 -1.378e-04 -3.931e-05 -1.905e-05 -1.141e-06
 1.055e+01 -1.990e-04 -1.382e-04 -3.715e-05 -1.910e-05 -1.271e-06
 1.061e+01 -1.867e-04 -1.338e-04 -3.937e-05 -1.495e-05 -9.199e-07
 1.066e+01 -2.004e-04 -1.295e-04 -3.941e-05 -1.259e-05 -1.532e-06
 1.072e+01 -1.837e-04 -1.345e-04 -3.726e-05 -8.718e-06 -1.401e-06
 1.077e+01 -1.669e-04 -1.350e-04 -3.347e-05 -6.785e-06 -8.755e-07
 1.083e+01 -1.632e-04 -1.282e-04 -3.298e-05 -6.050e-06 -9.635e-07
 1.088e+01 -1.507e-04 -1.358e-04 -3.028e-05 -5.313e-06 -1.052e-06
 1.094e+01 -1.515e-04 -1.291e-04 -3.089e-05 -6.094e-07 -1.097e-06
 1.099e+01 -1.344e-04 -1.296e-04 -3.096e-05  2.294e-06 -5.495e-07
 1.105e+01 -1.397e-04 -1.349e-04 -2.937e-05  4.608e-07 -9.251e-07
 1.110e+01 -1.677e-04 -1.282e-04 -3.166e-05  4.475e-06 -9.717e-07
 1.116e+01 -1.369e-04 -1.337e-04 -2.673e-05  2.171e-06 -6.757e-07
 1.121e+01 -1.240e-04 -1.319e-04 -3.016e-05  4.675e-06 -1.112e-06
 1.127e+01 -1.295e-04 -1.350e-04 -2.858e-05  5.954e-06 -7.590e-07
 1.133e+01 -9.788e-05 -1.381e-04 -2.811e-05  7.879e-06 -8.523e-07
 1.138e+01 -1.409e-04 -1.339e-04 -2.652e-05  7.767e-06 -1.443e-06
 1.144e+01 -9.944e-05 -1.372e-04 -2.265e-05  9.569e-06 -7.142e-07
 1.149e+01 -1.003e-04 -1.405e-04 -2.331e-05  1.284e-05 -5.475e-07
 1.155e+01 -1.108e-04 -1.439e-04 -2.283e-05  1.422e-05 -1.240e-06
 1.161e+01 -8.260e-05 -1.423e-04 -2.350e-05  1.431e-05 -1.064e-06
 1.166e+01 -9.316e-05 -1.458e-04 -2.187e-05  2.097e-05 -1.352e-06
 1.172e+01 -5.815e-05 -1.442e-04 -2.139e-05  2.046e-05 -1.222e-06
 1.178e+01 -3.497e-05 -1.400e-04 -2.090e-05  2.260e-05 -1.375e-06
 1.183e+01 -7.819e-05 -1.463e-04 -1.867e-05  2.411e-05 -1.052e-06
 1.189e+01 -4.458e-05 -1.474e-04 -1.700e-05  2.497e-05 -1.546e-06
 1.195e+01 -2.830e-05 -1.485e-04 -1.355e-05  2.788e-05 -1.561e-06
 1.201e+01 -2.468e-05 -1.469e-04 -9.467e-06  3.152e-05 -2.169e-06
 1.206e+01  0.000e+00 -1.454e-04 -1.427e-05  3.107e-05 -1.893e-06
 1.212e+01 -2.650e-06 -1.411e-04 -1.254e-05  3.757e-05 -2.165e-06
 1.218e+01  2.675e-05 -1.450e-04 -1.080e-05  4.486e-05 -2.037e-06
 1.223e+01  5.672e-05 -1.517e-04 -5.879e-06  5.085e-05 -2.318e-06
 1.229e+01  1.036e-04 -1.418e-04 -5.149e-06  5.122e-05 -2.657e-06
 1.235e+01  1.266e-04 -1.317e-04  6.084e-07  6.019e-05 -2.530e-06
 1.241e+01  1.944e-04 -1.300e-04 -7.639e-07  6.928e-05 -2.453e-06
 1.247e+01  2.017e-04 -1.169e-04  3.069e-06  7.267e-05 -2.645e-06
 1.252e+01  2.768e-04 -1.006e-04  3.697e-06  7.608e-05 -2.839e-06
 1.258e+01  2.620e-04 -9.855e-05 -2.011e-06  5.300e-05 -3.756e-06
 1.264e+01 -2.869e-06 -1.403e-04 -2.856e-05 -9.443e-06 -2.849e-06
 1.270e+01 -4.161e-04 -2.595e-04 -6.730e-05 -1.132e-04 -3.332e-06
 1.276e+01 -3.549e-04 -2.975e-04 -6.252e-05 -9.887e-05 -3.539e-06
 1.282e+01  7.173e-05 -1.501e-04 -1.066e-05  1.882e-06 -4.383e-06
 1.287e+01 -1.767e-04 -2.302e-04 -3.648e-05 -2.875e-05 -3.436e-06
 1.293e+01 -1.896e-04 -2.324e-04 -4.541e-05 -4.180e-05 -3.528e-06
 1.299e+01 -1.846e-04 -2.223e-04 -5.058e-05 -4.808e-05 -2.017e-06
 1.305e+01 -2.454e-04 -2.372e-04 -3.930e-05 -4.752e-05  3.440e-07
 1.311e+01 -2.045e-04 -2.145e-04 -3.557e-05 -3.001e-05  3.014e-07
 1.317e+01 -1.813e-04 -2.553e-04 -3.820e-05 -3.784e-05  7.588e-08
 1.323e+01 -1.639e-04 -2.456e-04 -3.891e-05 -4.031e-05  1.527e-07
 1.329e+01 -1.769e-04 -2.489e-04 -4.603e-05 -4.668e-05 -2.918e-07
 1.335e+01 -2.392e-04 -2.526e-04 -4.356e-05 -5.623e-05  5.404e-07
 1.341e+01 -2.343e-04 -2.568e-04 -4.623e-05 -6.274e-05  3.102e-08
 1.347e+01 -1.738e-04 -2.615e-04 -4.892e-05 -5.672e-05 -7.786e-07
 1.353e+01 -3.000e-04 -2.950e-04 -5.164e-05 -6.967e-05 -4.376e-07
 1.359e+01 -2.458e-04 -3.163e-04 -5.440e-05 -7.644e-05 -1.317e-06
 1.365e+01 -3.375e-04 -3.249e-04 -5.461e-05 -8.018e-05 -1.385e-06
 1.371e+01 -3.029e-04 -3.196e-04 -5.746e-05 -8.082e-05 -6.789e-07
 1.377e+01 -3.662e-04 -3.309e-04 -5.777e-05 -9.138e-05 -5.070e-07
 1.383e+01 -2.794e-04 -3.609e-04 -6.606e-05 -9.241e-05 -1.909e-06
 1.389e+01 -2.785e-04 -3.783e-04 -6.657e-05 -1.004e-04 -2.110e-06
 1.395e+01 -2.996e-04 -4.180e-04 -6.718e-05 -1.156e-04 -2.058e-06
 1.401e+01 -4.023e-04 -4.465e-04 -6.791e-05 -1.179e-04 -1.296e-06
 1.407e+01 -4.101e-04 -5.042e-04 -7.980e-05 -1.277e-04 -1.963e-06
 1.413e+01 -4.757e-04 -5.553e-04 -7.824e-05 -1.422e-04 -3.178e-06
 1.419e+01 -4.779e-04 -6.261e-04 -7.399e-05 -1.433e-04 -1.882e-06
 1.425e+01 -5.388e-04 -7.330e-04 -9.602e-05 -1.650e-04 -3.770e-06
 1.431e+01 -6.534e-04 -9.376e-04 -9.254e-05 -1.855e-04 -3.370e-06
 1.437e+01 -8.121e-04 -1.206e-03 -9.848e-05 -1.880e-04 -4.050e-06
 1.443e+01 -9.313e-04 -2.096e-03 -1.149e-04 -2.301e-04 -3.528e-06
 1.450e+01 -1.176e-03 -6.106e-03 -1.332e-04 -2.513e-04 -4.326e-06
 1.456e+01 -1.369e-03  5.098e-03 -1.401e-04 -2.863e-04 -6.337e-06
 1.462e+01 -2.159e-03  1.836e-03 -1.490e-04 -3.628e-04 -4.397e-06
 1.468e+01 -5.372e-03  1.021e-03 -1.724e-04 -4.378e-04 -7.491e-06
 1.474e+01  1.272e-02  6.449e-04 -1.798e-04 -6.011e-04 -8.017e-06
 1.480e+01  2.858e-03  5.163e-04 -2.205e-04 -9.237e-04 -1.048e-05
 1.486e+01  1.769e-03  4.294e-04 -2.832e-04 -2.301e-03 -1.459e-05
 1.493e+01  1.076e-03  3.222e-04 -3.001e-04  4.404e-03 -2.267e-05
 1.499e+01  9.118e-04  2.953e-04 -4.234e-04  1.066e-03 -4.035e-05
 1.505e+01  6.500e-04  2.479e-04 -7.050e-04  6.245e-04  6.877e-04
 1.511e+01  5.773e-04  2.040e-04 -1.583e-03  4.151e-04  2.991e-05
 1.517e+01  5.368e-04  1.817e-04  6.453e-03  3.211e-04  1.792e-05
 1.523e+01  4.065e-04  1.579e-04  1.005e-03  2.478e-04  1.264e-05
 1.530e+01  3.552e-04  1.383e-04  5.742e-04  1.983e-04  8.022e-06
 1.536e+01  3.236e-04  1.219e-04  3.644e-04  1.628e-04  6.744e-06
 1.542e+01  3.222e-04  1.153e-04  2.691e-04  1.438e-04  5.656e-06
 1.548e+01  2.652e-04  9.924e-05  2.226e-04  1.216e-04  4.247e-06
 1.555e+01  2.717e-04  9.746e-05  1.785e-04  1.046e-04  3.740e-06
 1.561e+01  2.344e-04  9.278e-05  1.556e-04  9.084e-05  3.029e-06
 1.567e+01  2.236e-04  8.374e-05  1.307e-04  7.955e-05  2.567e-06
 1.573e+01  1.951e-04  8.005e-05  1.177e-04  7.386e-05  2.564e-06
 1.580e+01  1.954e-04  7.273e-05  1.017e-04  6.228e-05  1.899e-06
 1.586e+01  1.724e-04  6.628e-05  8.404e-05  5.851e-05  1.872e-06
 1.592e+01  1.658e-04  6.216e-05  7.808e-05  4.986e-05  1.736e-06
 1.598e+01  1.565e-04  6.135e-05  6.923e-05  4.729e-05  1.572e-06
 1.605e+01  1.589e-04  6.173e-05  6.504e-05  4.279e-05  1.466e-06
 1.611e+01  1.523e-04  5.797e-05  5.823e-05  3.878e-05  1.400e-06
 1.618e+01  1.418e-04  5.922e-05  5.255e-05  3.536e-05  1.250e-06
 1.624e+01  1.429e-04  5.903e-05  5.003e-05  3.396e-05  1.094e-06
 1.630e+01  1.395e-04  5.573e-05  4.556e-05  3.117e-05  9.839e-07
 1.636e+01  1.288e-04  5.454e-05  4.364e-05  2.733e-05  9.746e-07
 1.643e+01  1.260e-04  5.760e-05  4.005e-05  2.650e-05  9.998e-07
 1.649e+01  1.232e-04  5.379e-05  3.689e-05  2.454e-05  9.255e-07
 1.655e+01  1.147e-04  5.331e-05  3.410e-05  2.279e-05  8.750e-07
 1.662e+01  1.071e-04  5.278e-05  3.162e-05  2.123e-05  7.100e-07
 1.668e+01  1.052e-04  5.485e-05  2.941e-05  1.982e-05  6.633e-07
 1.675e+01  9.857e-05  5.160e-05  2.740e-05  1.853e-05  7.065e-07
 1.681e+01  9.272e-05  4.874e-05  2.682e-05  1.740e-05  6.270e-07
 1.687e+01  8.745e-05  4.833e-05  2.409e-05  1.639e-05  5.255e-07
 1.694e+01  8.269e-05  4.586e-05  2.268e-05  1.473e-05  5.050e-07
 1.700e+01  7.839e-05  4.361e-05  2.143e-05  1.395e-05  4.408e-07
 1.706e+01  7.451e-05  4.347e-05  2.030e-05  1.324e-05  4.009e-07
 1.713e+01  7.102e-05  4.155e-05  1.929e-05  1.261e-05  3.341e-07
 1.719e+01  6.788e-05  3.982e-05  1.839e-05  1.204e-05  3.333e-07
 1.726e+01  6.507e-05  3.826e-05  1.759e-05  1.095e-05  2.438e-07
 1.732e+01  6.255e-05  3.686e-05  1.687e-05  1.052e-05  2.728e-07
 1.739e+01  6.026e-05  3.712e-05  1.622e-05  1.013e-05  2.438e-07
 1.745e+01  5.829e-05  3.597e-05  1.495e-05  9.788e-06  2.015e-07
 1.751e+01  5.656e-05  3.496e-05  1.449e-05  9.492e-06  2.112e-07
 1.758e+01  5.507e-05  3.409e-05  1.476e-05  9.237e-06  1.897e-07
 1.764e+01  5.380e-05  3.335e-05  1.440e-05  9.021e-06  1.845e-07
 1.771e+01  5.276e-05  3.273e-05  1.411e-05  8.842e-06  1.618e-07
 1.777e+01  5.440e-05  3.358e-05  1.388e-05  8.699e-06  1.669e-07
 1.784e+01  5.130e-05  3.320e-05  1.370e-05  8.593e-06  1.594e-07
 1.790e+01  5.332e-05  3.295e-05  1.297e-05  8.524e-06  1.721e-07
 1.797e+01  5.313e-05  3.284e-05  1.354e-05  8.492e-06  1.540e-07
 1.803e+01  5.317e-05  3.287e-05  1.294e-05  8.053e-06  1.589e-07
 1.810e+01  5.348e-05  3.304e-05  1.363e-05  8.550e-06  1.429e-07
 1.816e+01  5.405e-05  3.338e-05  1.378e-05  8.643e-06  1.417e-07
 1.823e+01  5.492e-05  3.389e-05  1.402e-05  8.323e-06  1.310e-07
 1.829e+01  5.612e-05  3.459e-05  1.434e-05  8.980e-06  9.569e-08
 1.836e+01  5.768e-05  3.550e-05  1.475e-05  8.749e-06  9.037e-08
 1.842e+01  5.966e-05  3.666e-05  1.459e-05  9.558e-06  9.469e-08
 1.849e+01  6.212e-05  3.809e-05  1.522e-05  9.436e-06  1.021e-07
 1.855e+01  6.515e-05  4.143e-05  1.601e-05  1.046e-05  1.068e-07
 1.862e+01  7.198e-05  4.366e-05  1.697e-05  1.106e-05  1.146e-07
 1.869e+01 -9.999e+00 -9.999e+00 -9.999e+00 -9.999e+00  1.139e-07
 1.875e+01 -9.999e+00 -9.999e+00 -9.999e+00 -9.999e+00  1.225e-07
 1.888e+01 -9.999e+00 -9.999e+00 -9.999e+00 -9.999e+00  1.415e-07
 1.895e+01 -9.999e+00 -9.999e+00 -9.999e+00 -9.999e+00  1.402e-07
 1.901e+01 -9.999e+00 -9.999e+00 -9.999e+00 -9.999e+00  1.517e-07
 1.908e+01 -9.999e+00 -9.999e+00 -9.999e+00 -9.999e+00  1.643e-07
 1.915e+01 -9.999e+00 -9.999e+00 -9.999e+00 -9.999e+00  1.689e-07
 1.921e+01 -9.999e+00 -9.999e+00 -9.999e+00 -9.999e+00  1.811e-07
 1.928e+01 -9.999e+00 -9.999e+00 -9.999e+00 -9.999e+00  1.918e-07
