4.984  11.  206412.598  168188.043  137608.399  160543.132  198767.687  214057.509  206412.598  214057.509
4.984  12.   18156.664   12422.980    8122.718   10511.753   17201.050   20067.892   18156.664   19112.278
4.984  13.   68804.199   59248.061   53514.377   57336.833   64981.744   68804.199   68804.199   68804.199
4.984  21.   10511.753    9556.139    9078.332    9078.332   10511.753   10511.753   10511.753   10989.560
4.984 221.      15.865      11.199      12.598      13.532      16.798      17.731      19.598      17.731
4.962 222.      18.664      28.930      14.931      10.732      12.598      21.464      21.464      27.997
4.984  31.       0.000       0.000       0.000       0.000      -1.000      -1.000      -1.000      -1.000
4.076  11.  733911.461  611592.884  519853.952  581013.240  703331.817  733911.461  703331.817  733911.461
4.076  12.   84094.022   59248.061   42047.011   51603.150   76449.111   87916.477   84094.022   84094.022
4.076  13.  366955.731  321086.264  305796.442  321086.264  351665.908  366955.731  366955.731  366955.731
4.076  21.   53514.377   51603.150   49691.922   51603.150   53514.377   55425.605   55425.605   55425.605
4.076 221.     253.835     216.506     186.643     186.643     238.903     268.766     283.698     253.835
4.053 222.     268.766     403.150     238.903     216.506     201.575     238.903     283.698     298.629
4.076  31.       0.000       0.000       0.087       0.000      -1.000      -1.000      -1.000      -1.000
3.175  11. 1223185.768 1100867.192  978548.615 1039707.903 1162026.480 1223185.768 1162026.480 1223185.768
3.175  12.  168188.043  129963.488  107028.755  118496.121  160543.132  175832.954  160543.132  168188.043
3.175  13.  764491.105  733911.461  672752.173  703331.817  764491.105  764491.105  764491.105  764491.105
3.175  21.  129963.488  129963.488  122318.577  122318.577  129963.488  129963.488  129963.488  129963.488
3.175 221.    1134.791    1015.340     955.614    1015.340    1134.791    1194.517    1134.791    1194.517
3.150 222.     955.614    1075.066    1015.340    1075.066    1075.066    1075.066    1134.791    1015.340
3.175  31.       0.962       0.437       1.050       0.787      -1.000      -1.000      -1.000      -1.000
2.260  11.  978548.615  917389.326  825650.394  856230.038  947968.971  978548.615  947968.971  978548.615
2.260  12.  137608.399  107028.755   87916.477   99383.844  129963.488  137608.399  129963.488  137608.399
2.260  13.  642172.528  611592.884  581013.240  581013.240  642172.528  642172.528  642172.528  642172.528
2.260  21.  137608.399  137608.399  137608.399  137608.399  145253.310  145253.310  145253.310  145253.310
2.260 221.    5016.973    3822.456    3105.745    3703.004    5016.973    5255.876    4778.069    5016.973
2.233 222.    5972.587    4778.069    4778.069    6450.394    7644.911    7167.104    6928.201    7406.008
2.260  31.     279.965     235.171     279.965     291.164      -1.000      -1.000      -1.000      -1.000
2.206  11. 1100867.192 1039707.903  978548.615 1039707.903 1100867.192 1162026.480 1100867.192 1100867.192
2.206  12.  175832.954  137608.399  114673.666  129963.488  168188.043  175832.954  160543.132  168188.043
2.206  13.  825650.394  795070.749  733911.461  764491.105  825650.394  825650.394  825650.394  825650.394
2.206  21.  214057.509  206412.598  206412.598  206412.598  214057.509  214057.509  214057.509  214057.509
2.206  22.    9078.332    7167.104    5972.587    6689.297    9078.332   10033.946    8600.525    9078.332
2.206  31.     559.930     492.738     604.724     604.724      -1.000      -1.000      -1.000      -1.000
2.097  11. 1345504.345 1284345.057 1162026.480 1223185.768 1345504.345 1345504.345 1284345.057 1345504.345
2.097  12.  221702.421  183477.865  152898.221  168188.043  214057.509  229347.332  206412.598  221702.421
2.097  13. 1100867.192 1039707.903  978548.615  978548.615 1100867.192 1100867.192 1039707.903 1100867.192
2.097  21.  351665.908  336376.086  336376.086  336376.086  351665.908  351665.908  351665.908  351665.908
2.097  22.   19112.278   14812.015   11945.174   13378.594   18156.664   19112.278   17201.050   18156.664
2.097  31.    1343.832    1164.654    1433.421    1388.626      -1.000      -1.000      -1.000      -1.000
1.989  11. 1345504.345 1284345.057 1162026.480 1223185.768 1284345.057 1284345.057 1284345.057 1284345.057
1.989  12.  229347.332  183477.865  152898.221  168188.043  214057.509  221702.421  206412.598  214057.509
1.989  13. 1100867.192 1039707.903  978548.615  978548.615 1039707.903 1100867.192 1039707.903 1039707.903
1.989  21.  366955.731  366955.731  351665.908  351665.908  366955.731  366955.731  366955.731  366955.731
1.989  22.   21979.119   15289.822   12422.980   13856.401   20067.892   21023.505   18156.664   20067.892
1.989  31.    1343.832    1164.654    1388.626    1343.832      -1.000      -1.000      -1.000      -1.000
1.881  11.  581013.240  519853.952  458694.663  489274.307  550433.596  550433.596  519853.952  550433.596
1.881  12.   68804.199   47780.694   34402.100   40135.783   61159.288   64981.744   53514.377   59248.061
1.881  13.  305796.442  290506.620  259926.976  275216.798  290506.620  290506.620  275216.798  290506.620
1.881  21.   80271.566   72626.655   61159.288   64981.744   76449.111   76449.111   68804.199   72626.655
1.881  22.    4300.262    1911.228     597.259    1134.791    3583.552    3822.456    2627.938    3225.197
1.881  31.       7.349       5.949       6.999       6.299      -1.000      -1.000      -1.000      -1.000
1.773  11.  611592.884  519853.952  443404.841  473984.485  581013.240  581013.240  519853.952  581013.240
1.773  12.   72626.655   45869.466   30579.644   38224.555   64981.744   64981.744   49691.922   59248.061
1.773  13.  305796.442  275216.798  259926.976  259926.976  305796.442  305796.442  275216.798  290506.620
1.773  21.   57336.833   51603.150   43958.239   47780.694   57336.833   57336.833   51603.150   55425.605
1.773  22.    1732.050     567.396     216.506     358.355    1433.421    1493.147     686.847    1134.791
1.773  31.       1.312       0.175       1.050       0.612      -1.000      -1.000      -1.000      -1.000
1.666  11.  550433.596  473984.485  382245.553  428115.019  550433.596  519853.952  458694.663  489274.307
1.666  12.   64981.744   38224.555   22934.733   30579.644   61159.288   55425.605   36313.328   47780.694
1.666  13.  259926.976  229347.332  206412.598  214057.509  244637.154  244637.154  221702.421  236992.243
1.666  21.   45869.466   40135.783   36313.328   38224.555   43958.239   43958.239   38224.555   42047.011
1.666  22.    1134.791     403.150     134.383     238.903     955.614     836.162     328.492     537.533
1.666  31.       0.437       0.000       0.087       0.350      -1.000      -1.000      -1.000      -1.000
1.561  11.  581013.240  489274.307  382245.553  412825.197  550433.596  550433.596  443404.841  473984.485
1.561  12.   61159.288   42047.011   22934.733   27712.803   57336.833   55425.605   32490.872   38224.555
1.561  13.  229347.332  206412.598  183477.865  191122.776  221702.421  221702.421  191122.776  198767.687
1.561  21.   49691.922   45869.466   36313.328   40135.783   47780.694   47780.694   42047.011   43958.239
1.561  22.    1493.147     806.299     298.629     433.013    1254.243    1134.791     507.670     656.985
1.561  31.       2.800       0.525       1.662       0.700      -1.000      -1.000      -1.000      -1.000
1.458  11.  550433.596  489274.307  366955.731  412825.197  519853.952  489274.307  397535.375  428115.019
1.458  12.   55425.605   40135.783   21023.505   26757.189   53514.377   43958.239   23890.347   28668.416
1.458  13.  198767.687  183477.865  160543.132  168188.043  198767.687  183477.865  160543.132  168188.043
1.458  21.   51603.150   47780.694   40135.783   42047.011   51603.150   49691.922   40135.783   43958.239
1.458  22.    1911.228    1134.791     418.081     656.985    1791.776    1373.695     537.533     746.573
1.458  31.       8.049       3.500       7.349       2.800      -1.000      -1.000      -1.000      -1.000
1.360  11.  321086.264  290506.620  206412.598  236992.243  321086.264  275216.798  183477.865  206412.598
1.360  12.   25801.575   20067.892    8600.525   12422.980   26757.189   18156.664    6689.297    9078.332
1.360  13.   68804.199   64981.744   49691.922   55425.605   68804.199   61159.288   47780.694   49691.922
1.360  21.   36313.328   34402.100   25801.575   29624.030   38224.555   32490.872   23890.347   26757.189
1.360  22.    2150.131    1552.873     388.218     746.573    2389.035    1313.969     253.835     462.875
1.360  31.      17.498       5.424      18.198       3.325      -1.000      -1.000      -1.000      -1.000
1.267  11.  122318.577  118496.121   87916.477   99383.844  122318.577   99383.844   61159.288   72626.655
1.267  12.    9078.332    8122.718    3344.649    5016.973   10033.946    5016.973    1254.243    2269.583
1.267  13.   24845.961   23890.347   19112.278   21023.505   25801.575   21023.505   16245.436   17201.050
1.267  21.   18156.664   18156.664   14334.208   15289.822   19112.278   16245.436   11467.367   12422.980
1.267  22.    1254.243    1075.066     231.438     447.944    1552.873     537.533      46.661     108.253
1.267  31.      12.598       3.500      13.998       1.050      -1.000      -1.000      -1.000      -1.000
1.183  11.    7406.008    7644.911    5733.683    6450.394    7644.911    5494.780    2866.842    3583.552
1.183  12.      27.063      28.930      13.998      20.531      29.863      10.732       2.333       5.599
1.183  13.     283.698     283.698     253.835     268.766     268.766     253.835     231.438     231.438
1.183  21.     358.355     373.287     283.698     328.492     328.492     268.766     164.246     186.643
1.183  22.       0.000       0.000       0.000       0.000       0.000       0.000       0.000       0.000
1.183  31.       0.000       0.000       0.000       0.000      -1.000      -1.000      -1.000      -1.000
