4.984  11.  442368.  360448.  294912.  344064.  425984.  458752.  442368.  458752.
4.984  12.   38912.   26624.   17408.   22528.   36864.   43008.   38912.   40960.
4.984  13.  147456.  126976.  114688.  122880.  139264.  147456.  147456.  147456.
4.984  21.   22528.   20480.   19456.   19456.   22528.   22528.   22528.   23552.
4.984 221.      34.      24.      27.      29.      36.      38.      42.      38.
4.962 222.      40.      62.      32.      23.      27.      46.      46.      60.
4.984  31.       0.       0.       0.       0.       0.       0.       0.       0.
4.076  11. 1572864. 1310720. 1114112. 1245184. 1507328. 1572864. 1507328. 1572864.
4.076  12.  180224.  126976.   90112.  110592.  163840.  188416.  180224.  180224.
4.076  13.  786432.  688128.  655360.  688128.  753664.  786432.  786432.  786432.
4.076  21.  114688.  110592.  106496.  110592.  114688.  118784.  118784.  118784.
4.076 221.     544.     464.     400.     400.     512.     576.     608.     544.
4.053 222.     576.     864.     512.     464.     432.     512.     608.     640.
4.076  31.       0.       0.       1.       0.       0.       0.       0.       0.
3.175  11. 2621440. 2359296. 2097152. 2228224. 2490368. 2621440. 2490368. 2621440.
3.175  12.  360448.  278528.  229376.  253952.  344064.  376832.  344064.  360448.
3.175  13. 1638400. 1572864. 1441792. 1507328. 1638400. 1638400. 1638400. 1638400.
3.175  21.  278528.  278528.  262144.  262144.  278528.  278528.  278528.  278528.
3.175 221.    2432.    2176.    2048.    2176.    2432.    2560.    2432.    2560.
3.150 222.    2048.    2304.    2176.    2304.    2304.    2304.    2432.    2176.
3.175  31.      11.       5.      12.       9.       0.       0.       0.       0.
2.260  11. 2097152. 1966080. 1769472. 1835008. 2031616. 2097152. 2031616. 2097152.
2.260  12.  294912.  229376.  188416.  212992.  278528.  294912.  278528.  294912.
2.260  13. 1376256. 1310720. 1245184. 1245184. 1376256. 1376256. 1376256. 1376256.
2.260  21.  294912.  294912.  294912.  294912.  311296.  311296.  311296.  311296.
2.260 221.   10752.    8192.    6656.    7936.   10752.   11264.   10240.   10752.
2.233 222.   12800.   10240.   10240.   13824.   16384.   15360.   14848.   15872.
2.260  31.    3200.    2688.    3200.    3328.       0.       0.       0.       0.
2.206  11. 2359296. 2228224. 2097152. 2228224. 2359296. 2490368. 2359296. 2359296.
2.206  12.  376832.  294912.  245760.  278528.  360448.  376832.  344064.  360448.
2.206  13. 1769472. 1703936. 1572864. 1638400. 1769472. 1769472. 1769472. 1769472.
2.206  21.  458752.  442368.  442368.  442368.  458752.  458752.  458752.  458752.
2.206  22.   19456.   15360.   12800.   14336.   19456.   21504.   18432.   19456.
2.206  31.    6400.    5632.    6912.    6912.       0.       0.       0.       0.
2.097  11. 2883584. 2752512. 2490368. 2621440. 2883584. 2883584. 2752512. 2883584.
2.097  12.  475136.  393216.  327680.  360448.  458752.  491520.  442368.  475136.
2.097  13. 2359296. 2228224. 2097152. 2097152. 2359296. 2359296. 2228224. 2359296.
2.097  21.  753664.  720896.  720896.  720896.  753664.  753664.  753664.  753664.
2.097  22.   40960.   31744.   25600.   28672.   38912.   40960.   36864.   38912.
2.097  31.   15360.   13312.   16384.   15872.       0.       0.       0.       0.
1.989  11. 2883584. 2752512. 2490368. 2621440. 2752512. 2752512. 2752512. 2752512.
1.989  12.  491520.  393216.  327680.  360448.  458752.  475136.  442368.  458752.
1.989  13. 2359296. 2228224. 2097152. 2097152. 2228224. 2359296. 2228224. 2228224.
1.989  21.  786432.  786432.  753664.  753664.  786432.  786432.  786432.  786432.
1.989  22.   47104.   32768.   26624.   29696.   43008.   45056.   38912.   43008.
1.989  31.   15360.   13312.   15872.   15360.       0.       0.       0.       0.
1.881  11. 1245184. 1114112.  983040. 1048576. 1179648. 1179648. 1114112. 1179648.
1.881  12.  147456.  102400.   73728.   86016.  131072.  139264.  114688.  126976.
1.881  13.  655360.  622592.  557056.  589824.  622592.  622592.  589824.  622592.
1.881  21.  172032.  155648.  131072.  139264.  163840.  163840.  147456.  155648.
1.881  22.    9216.    4096.    1280.    2432.    7680.    8192.    5632.    6912.
1.881  31.      84.      68.      80.      72.       0.       0.       0.       0.
1.773  11. 1310720. 1114112.  950272. 1015808. 1245184. 1245184. 1114112. 1245184.
1.773  12.  155648.   98304.   65536.   81920.  139264.  139264.  106496.  126976.
1.773  13.  655360.  589824.  557056.  557056.  655360.  655360.  589824.  622592.
1.773  21.  122880.  110592.   94208.  102400.  122880.  122880.  110592.  118784.
1.773  22.    3712.    1216.     464.     768.    3072.    3200.    1472.    2432.
1.773  31.      15.       2.      12.       7.       0.       0.       0.       0.
1.666  11. 1179648. 1015808.  819200.  917504. 1179648. 1114112.  983040. 1048576.
1.666  12.  139264.   81920.   49152.   65536.  131072.  118784.   77824.  102400.
1.666  13.  557056.  491520.  442368.  458752.  524288.  524288.  475136.  507904.
1.666  21.   98304.   86016.   77824.   81920.   94208.   94208.   81920.   90112.
1.666  22.    2432.     864.     288.     512.    2048.    1792.     704.    1152.
1.666  31.       5.       0.       1.       4.       0.       0.       0.       0.
1.561  11. 1245184. 1048576.  819200.  884736. 1179648. 1179648.  950272. 1015808.
1.561  12.  131072.   90112.   49152.   59392.  122880.  118784.   69632.   81920.
1.561  13.  491520.  442368.  393216.  409600.  475136.  475136.  409600.  425984.
1.561  21.  106496.   98304.   77824.   86016.  102400.  102400.   90112.   94208.
1.561  22.    3200.    1728.     640.     928.    2688.    2432.    1088.    1408.
1.561  31.      32.       6.      19.       8.       0.       0.       0.       0.
1.458  11. 1179648. 1048576.  786432.  884736. 1114112. 1048576.  851968.  917504.
1.458  12.  118784.   86016.   45056.   57344.  114688.   94208.   51200.   61440.
1.458  13.  425984.  393216.  344064.  360448.  425984.  393216.  344064.  360448.
1.458  21.  110592.  102400.   86016.   90112.  110592.  106496.   86016.   94208.
1.458  22.    4096.    2432.     896.    1408.    3840.    2944.    1152.    1600.
1.458  31.      92.      40.      84.      32.       0.       0.       0.       0.
1.360  11.  688128.  622592.  442368.  507904.  688128.  589824.  393216.  442368.
1.360  12.   55296.   43008.   18432.   26624.   57344.   38912.   14336.   19456.
1.360  13.  147456.  139264.  106496.  118784.  147456.  131072.  102400.  106496.
1.360  21.   77824.   73728.   55296.   63488.   81920.   69632.   51200.   57344.
1.360  22.    4608.    3328.     832.    1600.    5120.    2816.     544.     992.
1.360  31.     200.      62.     208.      38.       0.       0.       0.       0.
1.267  11.  262144.  253952.  188416.  212992.  262144.  212992.  131072.  155648.
1.267  12.   19456.   17408.    7168.   10752.   21504.   10752.    2688.    4864.
1.267  13.   53248.   51200.   40960.   45056.   55296.   45056.   34816.   36864.
1.267  21.   38912.   38912.   30720.   32768.   40960.   34816.   24576.   26624.
1.267  22.    2688.    2304.     496.     960.    3328.    1152.     100.     232.
1.267  31.     144.      40.     160.      12.       0.       0.       0.       0.
1.183  11.   15872.   16384.   12288.   13824.   16384.   11776.    6144.    7680.
1.183  12.      58.      62.      30.      44.      64.      23.       5.      12.
1.183  13.     608.     608.     544.     576.     576.     544.     496.     496.
1.183  21.     768.     800.     608.     704.     704.     576.     352.     400.
1.183  22.       0.       0.       0.       0.       0.       0.       0.       0.
1.183  31.       0.       0.       0.       0.       0.       0.       0.       0.
